3383.99
3126.64
3944.23
4202.82
3735.76
3014.02
3692.9
4243.8
3605.94
4927.66
4936
4621.02
4656.69
4713.84
3865.56
3872.34
3263.06
3821.96
3243.33
4246.66
3958.65
3883.64
3858.01
3859.65
4737.63
4582.61
4877.53
3848.19
3847.67
4721.28
4747.71
4750.26
4217.53
4777.39
4883.69
4835.1
3996.35
3103.51
4170.69
5242.42
5207.17
4943.73
4941.84
5234.31
5377.35
5074.74
4237.49
4965.15
4954.46
4461.54
4754.24
5107.56
4982.53
5351.61
4917.09
4934.77
4078.66
4893.58
5263.34
5003.43
5200.11
5176.37
5169.05
4726.44
4933.67
4984.22
5127.29
4293.59
4906.46
4983.48
5015.57
5004.65
5028.11
4975.82
4239.25
5653.92
4205.89
4168.59
4151.14
4170.4
4128.52
4192.65
4019.82
5181.06
5264.2
5226.69
5215.25
5276.93
5248.97
3687.55
3875.62
3170.32
3179.6
3091.91
3127.46
3043.11
4194.15
4194.89
4190.56
4193.84
4188.27
4193.51
4183.02
4189.55
4607.85
4184
4192.19
4187.62
4194.33
4288.29
4585.64
4588.58
4641.55
4184.98
3229.64
4157
4156.76
4157.39
4156.87
4157.29
4157.2
4173.89
4173.83
4999.72
5169.22
5347.11
4961.08
5193.15
5265.57
5295.74
5023.72
4176.78
4176.44
4176.07
4188.92
4185.63
4184.64
4181.9
4203.18
4181.04
4178.1
4191.9
4188.65
4155.35
4155.67
4156.21
4073.11
3927.59
4138.15
3764.94
3914.36
3668.26
3530.37
4097.18
4083.57
4125.2
3834.83
3814.11
3686.09
3676.81
3165.2
3053.1
3355.09
3356.39
3354.76
3001.51
4523.6
4678.2
4815.25
4653.83
4653.6
4647.93
4574.79
3074.41
3355.47
3370.73
3310.19
3181.62
4087.71
3553.46
4243.68
3789.07
3603.8
3237.5
3823.93
3912.78
3432.6
3211.59
4103.87
4103.87
4100.92
4103.87
4103.87
4100.92
4103.87
4753.19
3136.99
3193.02
3125.52
3165.9
3284.95
3320.32
4074.69
4237.21
4243.9
4256.23
4215.41
4233.45
4132.97
4252.22
4237.53
4152.08
3046.53
3013.31
3181.34
3102.51
3146.21
3115.12
3048.74
3103.64
3145.9
5711.44
5767.7
5428.74
3145.85
3041.71
5636.69
5688.6
5335.29
5480.29
5711.94
5150.27
5666.05
4144
5573.07
5253.26
5735.08
5366.48
5690.85
5463.76
3785.69
5246.35
5255.25
5595.82
3290.76
3229.08
3461.15
3415.1
3404.06
3181.42
3425.65
3391.62
3382.71
3283.9
4158.69
4931.84
4922.93
4891.32
3921.63
4870.21
4938.3
4924.21
4459.22
5382
3628.22
3778.1
3637.22
3613.63
3128.32
3131.13
3444.63
3554.98
3424.7
3496.8
3556.64
3701.48
3788.19
3625.95
3712.01
3962.61
4003.4
3833.42
3900.87
3392.38
3924.75
3193.05
3196.24
3180.03
3206.76
3125.08
3142.55
3018.13
3013.73
3494.8
3162.83
3166.46
3177.01
3070.72
3703.12
3551.97
4636.85
3723.62
5002.83
5157.27
4925.81
4924.31
4928.06
4747.87
4920.93
4993.82
4928.48
4992.76
4610.25
4523.67
4373.58
4403.21
4542.08
3576.88
3643.12
3721.37
4613.58
4627.66
4624.23
4584.35
4613.87
4052.49
3773.5
3767.7
3198.11
3009.59
3702.84
3472.83
3537.71
3343.44
3286.02
4251.29
4115.57
4235.83
4365.64
3954.49
4167.07
3386.91
3613.75
3620.64
3963.92
4158.93
4471.88
4157.35
4356.49
3829.91
4060.33
4368.51
3992.92
3566.82
4078.08
3968.51
4175.81
3191.41
3269.78
4620.32
4098.43
4231.88
4234.92
4187.17
4188.64
4606.64
4684.96
4662.42
4620.32
4705.8
4653.29
4540.13
4592.73
4597.79
4484.27
4550.81
4902.64
5844.11
4740.59
5034.56
5031.02
4699.22
5804.25
4972.59
5730.19
5692.31
4503.43
4630.51
4508.19
4240.86
4500.75
4559.5
4526.21
4447.41
4507.51
4438.88
4595.55
4673.24
4665.03
4669.11
4648.98
4680.63
4508.75
4670.93
4277.7
5007.76
5831.45
4813.97
4945.72
4753.56
4918.26
4936.66
5684.89
4750.59
4920.06
4517.52
4488.16
4617.17
4526.69
4631.45
4534.14
4523.09
4671.3
3834.67
4240.02
4330.57
4273.94
4364.42
4234.44
4466.37
4331.66
4360.5
5046.36
4920.1
4399.59
4337.46
4545.73
4370.62
4431.93
4320.45
4375.68
4612.93
4631.61
4505.24
4490.9
4242.98
4419.49
4283.99
4153.95
4278.02
4309.93
5021.35
5028.82
4923.84
4284.06
3729.77
4559.03
3579.14
4987.36
4498.83
4333.06
4997.22
4971.07
4941.65
4986.56
4559.74
4584.65
4638.89
4645
4392.86
4307.25
4305.84
4346.81
4427.22
3558.89
3741.95
3564.19
4599.57
4527.09
4317.32
4340.33
3641.16
3564.95
5273.22
3210.49
4674.9
4837.43
4718.28
4574.02
4723.83
4600.91
4215.56
5326.1
5259.19
3658.46
3628.5
3591.92
3502.22
4358.26
4008.43
4010.35
4013.98
3993.44
4008.07
4024.75
3969.15
3505.06
3549.07
3526.12
3162.83
4334.14
4227.59
4297.77
4247.78
4648.03
4621.78
3584.22
3583.51
3681.89
3548.19
3864.21
3845.44
3368.76
3881.42
3892.77
3464.32
3893.64
3588.09
4413.91
3567.56
3515.69
3548.42
3558.24
4375.33
3509.29
3546.28
3276.39
4516.84
3523.97
3539.47
4070.71
5877.48
5732.66
5484.14
5322.23
6579.18
5279.39
6608.79
5622
4387.19
4061.59
4094.91
4647.86
4549.79
4666.89
4670.06
4647.59
4661.46
4567.3
4522.17
3629.62
3787.34
3806.49
3730.96
5035.74
4022.31
3881.67
3385.76
3679.73
4004.71
3904.68
3995.93
3678.39
4707.39
4644.67
4685.23
4655.21
4668.17
4622.56
4652.84
3839.45
4007.4
3093.7
4700.75
4752.01
4721
4607.97
5552.79
6652.25
5207.89
6146.99
6606.17
6172.7
4992.64
5108.27
5137.86
6658.67
6236.48
6579.02
4188.31
6525.21
6610.46
6286.36
4688.96
4081.57
4039.72
4269.86
3969.12
3760.76
3851.06
3927.82
4258.94
3113.16
4069.87
4875.19
5081.55
3876.96
3938.65
3232.23
3226.97
3769.79
4525.34
3058.47
4158.41
4121.44
4094.38
4409.51
5527.95
5336.87
5236.16
5302.14
5381.81
5357.62
4910.01
5572.93
5518.99
5526.56
5452.37
4870.44
4728.67
6414.52
6490.66
5529.49
5580.5
4681.04
5336.03
5669.39
4833.77
4437.72
3371.52
3291.35
3568.6
3396.84
3332.42
3315.82
3738.11
4353.82
4126.6
4227.8
4225.63
4255.61
4299.01
3091.81
5475.4
5359.71
5366.96
5608.46
5295.28
5547.13
5335.57
5539.66
5270.94
3900.92
4397.27
4321.82
4454.73
4448.11
4460.09
4301.48
4359.76
4313.75
4330.46
4329.71
4374.23
4337.39
3202.46
3179.18
3253.43
3220.59
4424.79
4687.53
5203.15
4606.28
5284.46
5350.31
4597.53
4684
4673.03
5166.37
5275.09
5267
4692.34
4646.74
3456.55
4089.51
3596.59
3532.8
3426.35
3708.21
3968.88
4778.49
5164.8
4320.38
4298.95
4453.67
4445.27
5274.36
5365.82
5555.85
5363.4
5567.92
5388.25
5412.27
5554.23
5485.98
5195.13
5057.03
5166.29
5644.44
4320.71
5205.3
5251.9
4831.13
4319.65
4840.14
4561.28
4745.76
3659.59
3514.11
4641.42
4174.02
4244.21
3896.07
3410.73
3586.23
5358.51
4142.45
3461.47
3229.3
3312.53
3616.12
5155.72
5053.33
3542.2
3139.51
4374.3
4362.92
4335.95
4315.38
4303.58
4340.83
4325.57
4289.67
4299.7
4583.22
5232.15
4358.58
4363.9
4370.42
5214.72
5173.16
5118.38
5187.49
5174.01
4032.29
4495.68
3099.11
3113.87
3858.74
3291.07
3466.58
3372.94
3179.27
3305.74
3591.73
3484.72
3495.03
3300.84
3447.76
3512.49
3556.82
3065.37
3147.09
3633.52
3400.33
3024.37
3042.8
3339.88
3082.91
3272.4
3025.18
3262.97
3571.75
3496.9
3076.83
3157.11
4314.61
4321.09
4363
3456.85
3008.16
3041.15
5992.56
6024.7
4200.46
5821.17
5972.72
6024.1
6162.96
3119.65
4380.07
4362.91
4406.23
4383.03
4334.26
4343.45
4358.79
4314.63
4331.28
4291.34
4727.6
4926.06
5157.45
5112.6
5133.51
5077.6
5374.89
3533.94
3191.83
3101.57
4728.58
3466.98
5406.71
6014.04
3110.88
3058.68
5558.45
3412.5
3785.4
3760.63
3043.65
3140.89
3522.95
3428.95
3034.16
4247.22
4244.6
3986.98
3931.4
4082.28
4110.37
4096.79
4241.4
4086.89
4082.72
4118.18
3297.35
3300.32
3275.11
5328.23
4280.12
4317.56
4078.55
4171.13
4502.95
4990.65
5153.95
5252.9
5240.6
5249.04
5218
4489.26
5838.66
5798.39
5271.28
4943.96
4995.63
5216.5
4442.37
4453.25
4474.24
4404.5
3960.26
3166.52
3048.13
3043.47
3038.66
3367.86
3474.42
3463.1
3036.87
3210.41
3595.42
3349.77
3156.34
3039.95
4699.41
4009.84
3741.61
3903.67
3185.25
3183.5
3035
3016.6
3081.43
4134.01
3184.81
3552.45
3178.29
3087.65
3831.74
4242.76
4668.42
4692.52
3984.39
4236.82
3202.34
3165.5
3938.59
3880.04
3936.4
4322.76
5591.75
5768.44
5581.88
5686.9
5543.95
5567.83
4107.42
3904.72
4281.47
3818.86
4092.02
4202.36
3773.81
4622.15
4645.26
3824.99
3799.46
4613.43
3331.24
3336.96
3362.47
3339.29
4004.83
3811.34
3130.61
3549.16
3062.41
3400.91
3081.53
3057.03
3972.9
3654.13
3964.04
4126.95
4002.8
4060.04
3493.55
3397.32
3361.68
3108.1
4459.21
4412.46
4497.67
4451.28
4251.7
4299.06
4576.98
4609.82
4304.19
4414.24
4009.14
4910.11
4215.01
4162.01
4159.2
4176.57
3886.95
4057.69
4521.01
5720.12
5790.4
4414.66
3041.47
3735.45
3709.05
3194.48
3343.67
3887.13
3796.42
5749.68
5598.8
5726.34
5556.15
4672.68
4733.83
4647.47
4651.46
4277.68
5611.44
4022.48
4116.87
4129.43
4095.12
4162.18
4232.96
4131.01
3040.48
3388.29
3976.54
4733.04
5105.73
4653.88
4944.15
4218.96
4666.83
4700.15
4680.41
4611.8
4620.38
4735.12
4566.33
3269.31
3268.03
4818.23
4051.38
4100.39
4032.48
4118.92
4172.81
4056.91
5330.04
5143.38
5644.74
5898.95
5563.91
5793.29
5864.33
5901.96
5514.44
5880.68
5684.68
5607.98
5858.45
5640.29
3809.73
3499.77
3035.88
3681.23
3013.48
3007.26
3680.79
4070.31
4115.63
5473.02
5810.17
5573.81
5765.78
5868.47
5580.71
5636.44
5650.99
5753.96
5877.2
5714.25
5952.25
5700.84
5883.54
5807.53
5621.25
4090.61
4747.26
4701.79
3000.96
3067.31
5345.69
5371
3032.55
3007.78
4408.79
4723.83
4730.27
3021.43
3060.18
3073.77
4776.97
3832.35
3510.15
3664.62
3754.34
4155.7
3755.86
4326.64
3956.64
3400.16
4248.94
3078.11
3263.45
3428.16
3659.74
3493.26
4526.09
5373.57
5354.86
5259.74
5383.04
5281.88
5437.1
5403.94
4264.95
3750.22
3629.34
3608.8
3266.87
3373.4
3399.04
4015.93
4367.94
4061.07
4088.13
3004.57
4157.28
4403.55
3648.68
4488.05
4727.52
3614.07
3661.5
4756.52
4360.36
4513.93
3058.64
3227.59
5368.45
5319.06
5391.27
4510.5
5139.36
3203.59
3053.68
4421.33
5256.45
3591.54
3910.32
3674.16
3041.7
3051.32
5594.26
5595.28
4770.88
5212.13
5303.3
5308.02
3585.11
4827.65
4788.32
4905.53
5206.2
5236.14
5200.04
5643.57
4783.29
6012.13
5328.25
5277.55
5234.06
5271.5
5255.07
5303.38
5160.83
5152.69
5255.92
5333.14
5340.1
5341.25
5297.19
4228.58
3525.22
3891.45
4043.24
4576.15
4739.3
3778.93
3580.66
3673.63
3306.04
3296.91
3636.14
3645.33
3730.56
3086.67
4158.25
3876.41
4747.79
4192.2
4834.54
3087.86
3006.8
3344.79
3777.78
4270.35
4646.64
4471.64
4510.99
4478.39
4404.52
6128.04
5935.51
5250.6
5310.91
5294.26
5310.22
3532.85
5314.29
4888.88
4758.6
5264.83
5319.89
5233.31
4696.67
4074.21
4097.53
3691.35
4308.5
3472.64
3766.86
4508.39
4715.13
3709.25
3558.07
3628.67
4490.29
4028.16
4256.17
4294.99
3664.83
4150.09
3972.41
5398.46
5566.81
5502.4
5729.85
5793.55
5905.9
5315.89
5708.99
5898.06
5923.14
5925.28
4054.54
7495.32
5473.96
5856.82
5705.06
5500.2
5932.87
5813.03
5906.32
5931.54
5320.29
5907.75
5773.04
5632.36
5609.02
5198.67
5263.84
5131.31
5195.41
5252.85
6061.78
4291.24
4854.85
4283.34
3724.2
4120.8
3963.79
5581.06
5555.75
5213.65
6059.18
5965.22
6267.81
6119.12
5830.98
5957.94
5326.92
3931.47
5011.99
4477.83
4344.86
4699.51
4226.32
4651.35
4170.37
4915.31
4751.01
4278.06
3932.34
4571.53
5296.4
5210.26
4817.69
4572.35
4321.71
3412.35
3262.52
3998.84
5327.71
5242.36
5279.64
5260.1
5248.26
5548.22
5134.9
5601.87
5642.02
5561.06
5492.31
5053.47
5513.74
5102.5
5249.21
5034.97
4812.86
4826.24
5278.51
4912.33
5429.56
5170.98
5090.12
4937.25
5082.75
5079.34
4651.37
5203
4601.59
4854.58
5126.91
4584.52
4603.06
3669.22
3776.76
3603.94
3509.7
3185.84
3527.2
3659.86
3304.26
3457.7
3664.65
4487.85
3879.63
3797.77
4183.9
4237.55
4384.49
4409.98
4135.51
4149.5
4166.91
3215.75
4051.46
3735.64
3262.1
3321.42
3247.1
4059.23
3187.17
3156.92
5400.64
3129.34
3127.99
3046.05
3472.47
3379.01
3446.59
4236.62
4255.59
4239.6
4294.59
4214.03
4333.93
4315.69
4358.81
4256.09
3164.56
3448.72
3459.46
3368.21
4261.7
4244.7
4358.77
4318.3
4241.74
4413.86
4374.3
4431.59
4306.69
4256.85
4224.19
4348.73
4312.21
4235.48
4455.72
4417.37
4325.77
3682.7
4433.44
4463.24
4431.04
4380.14
4310.28
4340.42
3236.81
4718.02
4715.5
5454.07
3280.38
5602.29
5552.43
4289.74
6168.38
3242.44
3234.87
4655.12
4752.62
4300.04
4225.82
4315.17
4256.76
4334.3
4301.37
5153.14
5121.42
5503.46
4767.64
5726.82
5246.16
3020.66
5786.99
3123.05
3023.6
5187.23
4999.4
4721.46
4752.27
4869.91
4942.43
4895.82
4921.85
4832.81
4860.54
4843.45
4775.82
4714.9
4317.38
4235.67
4282.51
4302.14
5622.55
5394.32
5168.71
4255.06
4236.66
4807.28
4837.69
4716.34
4821.58
5902.55
4882.23
5011.44
3816.44
3438.32
3782.61
3560.24
3795.72
3468.56
5131.02
5613.79
5542.64
5050.72
5763.89
5740.48
5226.87
5339.83
5365.02
5210.93
5485.43
5605.97
5331.46
5600.84
5229.73
5615.73
5304.62
5312.72
5392.22
5365.24
5181.84
5371.97
5396.42
5232.35
3258.18
3256.36
3327.99
3239.14
5605.08
5314.11
3234.01
4904.78
5124.61
5198.13
5119.69
4891.71
5009.69
5037.45
5065.73
5063.72
5097.52
4994.01
4949.54
5080.16
5115.89
5061.46
5022.55
4968.04
4963.16
5077.63
5084.33
5008.94
5201.77
5003.14
5165.69
5106.53
5055.63
5091.13
4970.05
5175.41
5244.27
5079.12
5029.21
5112.6
4284.9
4411.67
4363.71
3046.87
4592.54
3943.05
3254.37
3304.6
6460.99
6301.15
6301.58
6327.42
6145.78
6120.52
6146.92
3298.05
3226.27
4082.82
4519.14
3645.44
4076.77
4773.33
4393.22
4375.01
4473.46
4191.87
4320.71
5001.24
4867.65
5217.57
3325.88
3350.77
3231.28
3244.02
4750.15
4973.08
4909.57
5054.31
4941.87
5206.93
5114.49
5312.81
5071.48
4767.55
5060.81
4867.56
4948.73
4957.45
4944.44
4920.25
5120.46
5038.78
4820.11
3276.46
3271.47
3262.29
7932.99
7756.5
3215.83
3269.23
7925.56
7252.82
7885.88
7868.51
3213.33
3246.87
7945.51
7747.35
7285.45
7536.3
7566.09
7607.86
7463.32
7869.98
7690.97
7814.7
7467.88
7771.82
7967.1
7583.1
7503.48
7823.61
7759.81
7527.4
7960.33
7542.75
7726.37
3271.02
3209.06
7679.71
7484.54
7921.34
7933.22
7718.44
7576.85
7806.23
7878.47
7762.08
3205.03
3246.87
7880.79
7733.75
7796.1
5491.8
5601.74
7579.98
7520.85
4385.44
7436.84
7798.58
7539.96
3034.41
3033.31
3342.55
3086.69
3029.04
3175.56
3163.8
3103.88
3345.01
3098.81
7774.59
6482.99
7421.45
7257.94
3204.49
7153.62
7091.01
3282.52
6247.08
7031.33
7611.14
7166.59
3283
6455.73
7507.35
3220.3
6871.65
6298.35
7809.95
6041
7473.79
6489.35
7729.3
6849.03
7021.04
6216.51
3240.97
6458.65
7823.25
6345.83
7129.01
6611.45
3093.69
7365.17
7101.29
6749.21
6645.21
6612.64
6473.77
6512.74
6194.83
6867.39
3266.73
3053.89
6830.37
6293.63
6613.4
5966.33
6783.05
6044.62
7179.25
7701.9
7998.86
7431.26
7539.32
7351.38
7895.68
6744.06
6664.4
6856.83
7166.17
6804.1
6785.63
6825.09
6659.9
6798.3
7125.74
6840.81
6667.46
6871.16
6712.39
6710.91
6723.93
6736.59
3226.47
5947.89
7044.64
6470.25
6327.77
6786.14
7019
7094.16
6704.12
6682.73
6721.8
6765.55
6801.85
6675.58
6700.36
6722.48
6795.66
6806.52
7023.55
7037.18
6490.95
6043.03
6373.33
7917.17
7289.2
7972.62
7987.5
7194.87
7831.59
7016.99
7846.14
3416.46
3184
3284.39
3312.65
3369.16
6855.01
6789.75
6897.1
7164.1
7133.54
3219.09
3180.68
6898.78
6395.59
6432.15
6565.58
6714.19
6670.92
7099.53
6767.37
7107.28
6685.64
7711.28
7512.04
3438.91
3066.03
3554.14
3241.03
3444.82
3267.51
7232.85
7034.48
7666.58
6905.01
7119.9
7610.44
7759.65
7202.86
7877.75
7174.38
7204.44
7364.25
6974.77
7413.23
7469.19
6795.32
7402.05
7598.49
7159.15
6843.37
7547.82
7174.64
7548.41
7843.32
7034.35
7149.32
7581.13
7413.53
5867.21
5847.21
5813.73
5893.14
5885.32
5890.06
5843.33
5839.77
4727.4
4842.76
4355.17
4670.11
4401.1
4396.31
3377.06
4894.2
4921.23
4857.88
4932.98
4958.43
4878.42
4945.87
5884.83
5834.84
5832.31
4089.18
3089.87
3090.48
3923.41
4165.22
3870.96
4024.13
3685.36
3836.45
4058.83
4010.71
3027.44
4873.69
4993.55
4978.54
4773
4854.17
4670.02
4645.17
4763.59
4830.77
4663.94
4773.68
4856.85
4864.77
4573.85
4858.6
4663.9
4116.53
4760.87
4689.24
4687.35
4334.16
4587.55
4599.58
4386.49
3966.34
4228.27
3119.89
3367.36
3902.12
3880.94
4804.97
5007.04
4964.77
4125.51
4621.33
6722.22
3132.99
3872.13
3211.01
3069.62
3087.34
3106.38
3189.53
3189.86
3125.65
3156.17
3085.76
3936.4
3016.13
3032.69
3061.22
5506.58
3048.72
3302.39
3253.77
3217.28
3241.74
3179.81
3132.16
3179.68
3235.86
3124.52
3319.1
5898.21
3754.6
3574
4067.11
3746.63
3543
3952.2
6967.21
7191.74
7376.06
6958.79
7042.26
4192.5
4120.44
4492.33
3950.49
3898.37
3260.5
3216.52
3022.7
3068.89
3076.26
3642.35
4013.94
3439.66
3908.96
3434.9
3739.77
4170.76
4509.22
4103.93
4078.7
4171.74
3932.55
3508.12
3861.28
4280.32
3789.83
6758.03
3074.12
3258.27
3221.37
3358.56
3234.77
3059.37
3241.05
4099.68
6531
6703.24
7482.6
6508.96
6472.81
7035.59
7278.26
7307.66
7017.88
7003.49
7903.49
6217
6656.81
7912.89
6424.43
6282.29
7807.49
7701.71
6242.74
7311.78
3228.26
3268.93
3112.75
3150.02
7412.83
4135.95
3981.76
3977.52
4252.44
3790.68
4154.18
3788.9
4190.93
3447.16
4022.04
3195.42
3448.23
3399.5
3023.64
5877.92
3166.37
3100.75
3262.17
3312.74
3285.52
6128.88
3253.91
3345.73
3760.9
3655.63
4252.54
3878.56
4105.77
6589.64
6444.76
6946.07
6981.47
7376.97
7133.89
7547.93
6688.22
7708.76
7627.73
6540.85
6283.22
7323.41
3288.51
3225.35
3164.78
3393.71
3254.3
3374.91
3363.69
3131.33
7514.23
3952.76
3913.13
3731.72
4014.09
4063.58
3830.33
4141.21
3799.48
6620.15
6951.09
7470.62
6281.67
6567.02
6944.59
7431.6
6365.93
6276.34
6892.02
7408.09
6414.28
7129.03
6556.34
7026.13
6666.07
3378.4
3219.86
3079.09
3088.64
3063.11
3006.62
3218.75
4071.06
3901.84
3949.65
4127.19
4025.62
4164.75
3787.16
4053.26
3736.06
3979.05
3270.62
3966.44
4308.79
3947.19
4522.33
6249.31
6812.81
6773.2
6300.22
4043.05
3709.67
4026.4
4151.38
4459.8
3936.54
3816.83
3743.1
3804.56
3934
4058.64
4118.78
3627.63
4003.46
4220.81
4290.88
4349.38
4345.41
4007.07
4162.91
3987.06
3709.88
4049.48
4365.28
3430.45
3816.53
3697.86
3780.12
3680.52
3663.57
3184.45
3865.12
3451.34
4030.4
3484.11
3999.59
4090.56
4004.55
3600.41
4504.07
4495.27
3215.31
3270.01
3270.48
3498.69
3461.37
3476.94
3076.81
3063.09
3358.28
3783.97
3447.99
3272.2
3214.74
3031
3256.75
3200.66
3139.27
7176.95
7674.79
7589.97
6571.15
6526.26
6591.19
6374.78
6307.56
6421.57
6266.7
3078.92
3860.21
3822.13
4406.31
4185.04
4353.54
3567.15
3927.33
4012.98
3877.22
3167.56
3799.74
4162.06
3997.77
4467.05
4165.85
3786.62
4390.78
3959.9
3290.25
3206.43
3771.69
3535.64
3267.65
3040.04
3747.94
4101.87
4406.52
4215.17
3924.91
3877.63
3646.4
4169.84
3619.53
3246.95
4084.68
4115.98
3904.44
4145.69
3572.34
3701.2
3985.2
3504.34
3354.12
3630.49
3294.46
6682.16
7086.28
6397.58
6176.59
7352.94
6887.97
7609.15
6931.04
7104.18
6396.74
6454.18
6582.08
6600.94
7806.14
3042.08
5874.42
6216.51
3350.07
4005.18
3830.42
3806.45
3986.3
4110.39
4143.7
4039.79
4289.79
4154.49
4211.02
3196.79
3208.78
3028.36
3615.21
3060.53
4010.22
4392.2
4380.88
4103.72
3899.35
3957.7
3788.5
3853.27
3365.11
3449.96
4393.71
4352.71
4343.97
4194.98
3796.51
3880.97
3220.18
3008.96
3077.4
3738.3
3054.22
3244.54
3394.95
3676.45
3014.56
3361.49
3461.03
3511.52
3534.3
3214.11
3260.14
6419.48
6884.52
6786.96
6778.22
6377.73
6690.53
7419.97
7302.6
7570.97
6240.05
7333.85
7033.62
6411.97
6446.19
6630.16
6750.65
6794.63
3018.37
3002.92
3274.82
3398
3223.12
3076.03
3036.76
3253.03
3249.25
6543.56
6422.72
6432.63
7232.57
6470.84
6664.78
6816.73
6486.48
6439.2
6279.56
6196.04
7672.68
7411.98
3384.28
3080.08
3202.67
3064.1
3516.62
3441.69
3594.07
3710
3443.04
3458.13
3200.44
3346.5
3958.26
4052.49
3476.16
4273.83
7482.58
6544.35
7950.58
6396.35
6521.6
6556.87
6886.42
6783.08
3284.1
3359.3
4368.64
3790.41
4205.67
4197.43
3708.96
3281.78
3665.15
3418.04
3472.33
3120.87
3181.07
3114.8
4258.83
3064.1
4216.23
4096.01
3716.71
3193.44
3071.3
3433.09
3897.08
4583.81
4558.69
4428.78
3201.75
3317.33
3806.31
3618.96
3279.71
3335.43
3486.31
4291.32
4302.82
4318.9
4086.89
3958.89
4806.27
4898.68
4964.21
4777.29
4831.12
4868.93
4744.17
5104.83
4772.23
4990.73
4900.44
4743.33
5067.53
4969.37
5022.97
4970.86
4946.65
5050.9
7282.06
6968.54
7322.41
7246.87
6640.15
7159.03
7585.43
7319.71
6237.71
6223.68
6620.69
6968.59
7178.58
6566.05
7310.41
6856.74
3034.01
3042.7
5133.37
4780.76
4962.45
4820.09
4842.25
5054.1
4942.66
5003.46
4256.95
4463.9
4431.45
4156.26
4296.7
4267.01
7080.23
6941.2
4960.92
4966.93
4936.94
5002.97
4150.33
3494.1
3950.19
3944.48
4132.97
4293.57
4234.53
4186.44
4295.34
4474.93
3834.41
5964.93
4233.56
3869.73
4042.75
3678
4113.15
4220.05
4195.83
3926.95
4086.66
4353.3
4234.68
4331.49
4168.28
3267.15
3204.87
7216.56
4153.12
4280.76
3892.03
4309.53
4287.38
3037.99
4432.83
4532.2
4219.51
4135.06
4289.52
4345.5
4204.78
4159.38
3878.35
3847.91
6850.35
6367.99
3873.35
3966.17
3584.97
3804.81
4287.05
4453.77
4471.76
4248.17
4261.51
4302.58
4477.52
4352.56
4675.47
4457.64
3807.87
4470.13
4366.23
4328.41
3988.59
4325.13
4034.89
4531.32
4354.74
4324.88
4437.33
3280.87
3258.2
6468.25
4497.94
4436.53
4542.3
3877.25
4490.96
4189.2
4241.18
4366.68
4361.91
4496.69
3957.52
4711.61
4328.17
3129.23
7134.7
3781.18
3996.69
4552.71
4505.45
4534.37
4851.91
4503.15
4895.63
3248.21
3443.44
3063.55
3531.12
3209.88
3322.45
6453.54
6484.38
4370.35
4793.6
4630.52
4687.27
4882.85
4493
4592.58
4383.16
4371.16
4494.8
4683.1
4473.81
4143.14
4683.31
3479.66
3286.11
3063.55
3221.05
3559.8
3243.49
3063.55
3063.55
7754.01
7041.17
3030.85
3191.83
3281.67
3143.78
4820.59
4597.09
4772.6
4539.37
4707.84
4620.1
4624.06
4485.27
4697.45
4492.38
7934.34
7897.43
7687.84
4694.73
4672.61
4656.36
4457.25
4636.11
4608.28
4459.03
4451.77
4226.98
4691.73
6463.21
6908.29
3169.37
3295.01
5615.73
6551.53
5388.7
6230.84
6215.41
3134.65
3149.3
6531.53
7220.71
6996.24
6654.03
3221.78
3274.49
3028
3167.74
3207.8
3332.68
3201.83
3902.19
3538.82
3845.89
3852.22
3207.61
4123.79
3972.17
4051.2
3737.68
3411.03
3004.96
3039.88
3174.11
3418.96
3116.6
3528.96
3344.16
3029.34
7361.56
6772.61
6310.12
7221.62
7167.43
7966.03
6685.5
7946.09
4056.09
4171.63
4293.22
3883.43
3954.74
4187.53
4210.92
3251.65
3214.46
3274.9
3051
3167.92
3151.02
3172.57
3525.2
3293.45
3181.96
3717.87
7437.22
7956.22
6946.15
4357.21
4052.29
4333.78
4231.03
3866.08
3109.87
3321.01
3293.15
3608.49
3000.39
7659.14
7545.23
7376.32
7976.48
3186.83
3227.09
3148.64
3390.96
3315.6
3187.68
3347.97
3585.12
3817.99
4195.24
3731.9
3255.8
3072.41
4062.09
4416.53
4201.26
4171.63
3248.48
3435.01
3105.68
3064.31
3210.01
3604.76
3544.95
3583.56
4208.97
4051.93
3893.53
3167.82
3602.27
4051.42
4327.85
6309.57
6249.43
6836.37
7336.16
7733.93
3211.86
3219.93
3168.71
3352.83
3248.5
3409.33
3270.1
3277.3
3182.3
3134.36
3576.25
3581.73
3473.4
3583.39
3462.75
4212.41
3137.38
3191.67
3124.17
3174.97
3575.39
3428.84
5495.3
3888.48
4015.67
3057.16
3231.02
3165.88
3259.14
3094.05
3283.21
3206.18
3650.54
3397.78
3586.09
3061.38
4224.91
4339.7
3666.55
3010.67
3294.2
4295.59
3632.4
3618.28
3648.51
3205.14
3216.33
3135.55
3146.19
3019.25
3248.4
3355.23
3033.15
3214.81
3238.28
3231
3053.14
3426.78
3421.69
3132.93
3057.88
3574.3
6797.19
3017.69
3056.84
3169.34
3633.45
3512.42
3894.21
3321.58
3101.47
3079.13
3287.7
3263.03
3171.51
4245.7
3208.95
3540.7
7363.19
6618.07
5905.01
6189.21
5262.97
5546.78
7990.16
7760.37
7541.03
6741.44
3250.03
3557.67
3196.79
3465.95
3808.38
3481.22
3385.98
3130.96
3348.62
3471.91
3331.23
3347.91
3456.97
3261.36
3094.64
3196.25
3188.96
3220.46
3525.23
4153.92
4083.5
3437.19
3350.94
3045.39
3014.33
3332.89
3318.3
3002.69
3238.05
3080.95
3110.53
3125.95
3080.67
3549.59
3359.15
3076.77
3626.69
3185.56
3256.69
6193.77
5917.58
5864.14
7528.47
7247.09
3239.71
4238.6
4368.41
4471.21
3328.8
3187.26
3511.23
3460.24
3567.99
3846.47
4112.54
4018.51
3465.39
3041.56
3157.53
3372.85
3403.98
3179.51
3314.25
3395.9
3098.08
3536.15
3290.4
3210.64
4282.86
4277.67
3541.63
3732.63
4388.13
3546.86
3979.43
3947.74
7703.14
3365.85
3428.18
3268.31
7560.63
3651
3546.74
6750.59
3103.3
3090.24
7163.11
6382.81
6535.37
6942.76
6474.69
3217.78
4325.3
4333.35
4023.63
4016.1
3335.62
3607.13
3737.13
3110.68
3124.3
3188.06
3648.89
3710.41
3093.56
3423.17
3378.63
3933.8
3143.13
3637.09
3727.63
4144.31
3795.13
3540
3380.65
3818.63
3592.9
3328.62
3948.71
3196.7
4298.39
3354.95
3813.39
5521.35
3637.6
3832.76
3673.51
3335.45
3168.35
3647.13
3100.25
3904.76
4017.98
3023.56
3637.72
3925.71
4052.34
4027.01
3038.43
3164.52
3696.58
3128.2
3208.15
6073.96
4048.33
3587.98
3811.85
3498.72
4070.14
3979.19
3453.5
3976.13
3626.81
6145.21
5519.17
4220.79
3626.21
3367.96
3854.12
3950.62
3584.83
3550.21
3600.96
3249.24
3233.68
3026.52
3447.57
3543.29
3249.02
4272.63
3777.44
3939.26
3532.22
3203.15
4171.31
3173.55
4245.16
3964.8
3651.23
3595.21
3343.14
3761.55
3771.68
3445.66
3805.69
3425.49
3244.51
3592.95
3929.14
4147.54
4202.09
3142.03
4424.9
4400.16
3886.77
3719.34
3785.32
4041.09
3610.06
3450.84
3494.07
3468.4
3475.04
3484.8
3393.02
3482.06
3467.48
3512.27
3533.93
3495.66
3525.77
3528.43
3540.33
3535.03
3539.19
3549.02
3539.6
3553.83
4509.7
4564.76
5444.85
4579.37
7377.33
7729.9
3044.62
3659.19
3190.49
4014.67
4016.46
4145.22
3904.32
4086.76
3376.62
3222.68
3261
3417.23
3196.56
3081.31
3951.86
3259.86
3580.59
3800.81
4090.76
3220.09
3551.96
3400.42
3363.08
3513.55
3555.07
3691.25
3702.89
3656.28
3647.29
3600.15
3527.84
3580.15
3538.36
3573.62
3423.22
3380.49
3495.36
3612.35
3414.73
3655.14
3970.66
3622.04
3773.6
4355.22
4226.46
3995.2
3585.25
3730.54
3731.33
3004.64
5802.34
3964.64
3926.35
3576.26
3258.47
4106.35
3258.39
3343.98
3849.95
4078.3
5929.42
5778.92
6041.02
4488.19
4360.37
4282.67
4276.54
4423.28
4468.39
4385.25
4032.79
4466.23
4550.53
4365.85
4469.09
4507.65
4475.33
4445.72
4551.91
4581.87
4407.24
3913.68
4509.95
3625.6
3571.61
3974.34
3819.51
3899.55
4571.45
4401.16
4527.81
4254.7
4202.22
4169.29
4292.47
4291.99
4285.6
4199.82
4233.25
4549.64
4100.58
4304.57
4317.77
4324.33
4323.05
4414.12
4346.15
4390.24
4308.32
4292.67
4445.54
4400.43
3910.57
3951.37
4159.26
4388.17
4226.48
4312.74
4109.89
3324.83
3936.67
3727.4
3989.82
3978.51
4261.12
4041.25
4147.65
3623.45
3979.86
3407.61
3717.96
4146.54
3523.37
4124.45
3955.91
4157.49
3520.68
4268.39
3848.01
5888.19
5227.12
6128.06
6124.85
6080.65
3238.96
3048.27
3592.37
3246.74
5928.79
5769.23
6319.21
3061.21
3127.84
3017.54
3662.1
3677.82
6297.49
5828.47
5097.18
3574.63
3141.31
3370.95
3287.05
6161.71
3007
3128.31
3339.25
3700.12
3499.58
4542.15
4289.82
3788.23
3625.02
3337.25
3977.85
3133.67
3407.55
4147.43
4063.36
4239.57
4218.15
4328.9
3961.74
3582.81
4135.44
3821.81
4321.36
4362.37
3667.55
3696.55
3842.83
3554.54
3980.77
4010.77
3111.51
3381.81
3724.9
3071.76
3236.2
3578.26
3073.83
3255.53
3511.2
3809.26
3563.18
3695.07
3088.2
3147.32
3128.35
3416.33
3714.16
3614.31
6486.79
3258.65
3128.51
3194.27
3276.34
3583.54
3637.06
3417.44
3425.31
3136.33
3168.93
3220.98
3177.15
3150.02
3527.31
3222.54
3390.46
3673.97
3066.59
3423.41
3580.92
3003.26
3169.37
3694.55
3366.34
3457.28
3882.18
4388.07
4292.28
3777.74
3046.77
3046.77
3069.5
3214.35
3708.29
3126.28
3031.09
3300.72
3501.14
3420.39
3241.7
3234.23
3170.14
3738.29
3379.26
3255.37
3223.38
3741.79
3930.26
3297.13
3639.47
3092.48
3462.69
3659.13
3890.55
3136.96
3210.59
3038.61
3100.56
3288.33
3502.77
3793.03
3846.33
3904.72
3432.39
4521.93
5373.45
4466.27
4526.97
4440.98
4491.53
7971.09
5353.57
7590.21
7484.72
6970.11
4489.8
4407.04
4464.67
7609.92
4437.23
4446.2
4409.56
6184.74
5313.06
5305.06
4603.24
3865.16
4075.89
4106.54
3895.54
4251.91
4297.08
4337.81
3853.53
3877.62
4594.66
4645.01
4647.41
4647.12
4618.3
3877.42
3882.7
3869.06
4587.82
4588.6
4598.73
4605.87
3868.57
3893.01
4651.68
4298.43
4367.3
4265.57
4323.61
4180.48
4279.52
4367.67
4257.64
4377.39
4197.56
4472.89
4244.66
4013.28
4181.23
3860.83
6243.71
6478.94
3971.11
3207.57
3310.39
3564.66
3292.57
3095.84
3285.78
3574.25
3781.99
3231.83
3403.12
3583.73
3221.26
4255.78
4260.82
4376.68
3814.59
4045.1
3924.47
3635.22
4222.27
3244.95
3849.41
3472.45
3393.83
4201.1
4458.23
3944.2
3745.97
4100.74
4050.95
3621.65
3263.66
3176.61
3927.1
3494.76
3632.96
3374.7
3509.12
3175.25
3752.23
4282.64
3839.56
3895.86
3145.53
3664.08
4073.11
3945.75
3594.02
3996.36
6153.78
3585.27
3005.32
3371.05
3148.69
3822.54
3641.33
3898.35
4077.49
3873.85
4398.69
3566.21
3622.3
4024.43
3570.54
3779.36
3561.5
3782.14
3200.59
3625.34
3621.84
3436.83
3985.2
3816.56
3696.49
3743.77
3881.95
3159.55
3574.11
4275.77
3549.79
3118.54
3424.11
3373.13
3138.4
3225.47
3200.14
3451.36
3509.27
3740.01
3856.18
3538.01
4193.03
4025.16
3454.91
3613.38
3454.51
4005.36
4293.65
3364.73
3379.62
3775.02
3878.25
4260.28
3605.36
3845.68
3425.21
3233.67
3674.54
3438.4
3653.3
3817.69
3931.66
3260.19
4573.22
4436.98
3615.16
4086.36
3475.27
3962.79
3908.43
3781.96
3522.45
3886.32
4139.85
3647.89
3987.74
3697.44
3027.73
3441.18
3401.07
3863.23
5583.13
6391.46
6206.43
6580.34
5822.06
6125.41
6910.17
5156.07
5482.04
6626.31
5899.11
5099.27
4770.88
5698.65
3117.57
3403.24
3532.05
3598.95
3970.13
3183.36
3424.43
3456.2
3885.07
3559.62
6262.69
3596.99
3105.69
3432.96
3829.09
3054.92
3267.71
3457.83
3020.83
3058.41
3121.98
3044.18
3432.88
6083.67
6418.34
6083.8
6157.51
6118.69
6026.59
6149.97
4169.77
4104.56
3732.65
3429.4
3437.76
3529.03
3502.12
3371.96
3687.89
3973.75
3639.07
3033.73
3126.67
3166.21
3126.6
3233
3391.84
3717.83
3502.08
3320.89
3082.04
3309.85
3178.53
3181.05
3191.32
3191.22
3042.16
6244.69
6034.46
3678.94
3571.39
3613.15
3677.85
4358.51
3334.06
3848.38
4008.07
4186.71
4055.35
3655.44
3678.84
4028.12
4439.06
4145.64
3640.22
4079.64
4499.67
3294.95
3652.76
4512.41
5998.42
6160.88
6025.66
6071.47
3391.45
3102.23
3955.7
6051.7
3966.55
4099.82
4238.56
3888.11
3423.13
3536.69
3758.94
6002.86
6009.64
3509.96
3450.67
3987.84
3118.3
3408.65
6109.38
6128.29
6338.51
3447.31
4282.28
4229.86
4129.63
6073.81
3323.85
6278.05
3124.26
3019.93
3184.98
3361.86
3260.77
3639.29
3952.27
3550.91
4043.33
3672.95
3915.72
4007.97
4183.01
4209.75
3825.04
3867.88
4040.84
4111.45
3859.84
3766.1
3903.07
3390.93
3635.98
3880.13
3805.13
3915.68
3809.84
3973.33
3183.53
3257.36
6203.18
6108.02
6078.83
6063.09
5167.71
5104.9
5960.78
5767.7
5296.08
5785.85
7241.6
7053.06
7653.21
4013.52
6150.88
6378.46
4736.93
5425.89
5778.94
5845.49
6157
6160.97
6204.74
5637.57
6590.9
6638.81
6364.3
6562.77
6264.49
6233.9
6150.66
6107.78
6183.93
6320.78
6251.49
6057.42
6128.97
3375.26
3162.94
3279.85
3225.6
3432.13
3084.56
3129.54
3113.83
3046.68
3492.91
3410.12
3111.38
3457.74
3518.28
3336.12
3702.47
3323.6
3914.5
3494.88
3012.79
3076.23
3047.87
3858.05
4210.63
3843.57
3491.91
3092.12
3320.27
3572.89
3222.24
4154.98
3708.43
3443.39
3383.58
3577.78
3240.7
3725.62
3610.43
3808.58
3532.2
3175.2
3936.6
3501.76
3359.43
3468.75
3920.36
3451.39
3273.43
3186.12
3037.37
3028.8
3667.04
3414.53
3403.83
3021.81
3135.16
3348.18
3574.35
3672.34
3448.45
3140.77
3248.07
3079.11
3443.8
3496.01
3634.8
3394.5
3473.87
3775.68
3544.74
3613.99
3206
3338.54
3674.76
3445.65
3028.8
3278.69
3023.73
3265.52
3060.31
3359.45
4577.83
3474.16
4702.89
4091.55
3651.06
3980.82
4276.98
3288.06
4496.95
3277.93
3529.49
4081.54
4335.17
4055.09
4313.5
3919.91
3636.21
3908.87
3824.87
3508.81
4116.43
3840.28
4105.88
4005.06
3287.92
3030.24
3030.11
3205.49
3293.41
6634.05
6802.15
5401.93
4296.65
4310.85
4287.75
4240.8
4297.28
4381.9
4480.98
4246.74
4248.58
4392.41
4443.37
4175.89
4328.48
4434.02
4347.02
4418.91
4187
4423.77
4287.73
4402.58
4354.14
4275.1
3883.76
4025.34
4148.65
3979.75
4363.01
4192.61
4504.33
4185.32
4180.31
4394.83
4358.2
4573.62
4562.17
4201.33
4251.34
4266.16
4430
4346.73
4328.73
3670.56
3916.84
3853.1
3010.67
3605.16
4069.57
3587.81
3755.89
4367.43
3567.28
3929.49
4392.78
3574.46
3685.76
3052.94
3285.87
3727.89
3320.99
3527.46
3609.47
3454.16
3384.64
3342.38
3252.35
4610.18
3591.8
3637.15
3430.26
3008.97
3397.24
4332.98
4141.78
3885.6
3445.51
4166.6
4185.96
3556.52
3729.82
4347.2
5582.38
3217.64
3406.4
6874.22
5014.65
3526.98
3819.39
3739.71
3480.71
3413.62
3719.85
3536.03
3226.46
5882.15
3369.59
5000.37
3093.03
3146.67
3393.57
3333.99
5301.2
7042.64
3249.91
6479.86
6190.62
5421.15
6145.52
6226.17
5826.36
6940.4
4101.46
3358.76
3219.02
3738.14
3202.68
3270.76
3618.23
3485.17
4198.76
3345.5
3170.26
3128.28
3794.34
3348.44
3178.43
3588.81
3506.81
3160.38
3197.5
3497.25
7228.81
3474.24
3354.61
3489.63
3414.35
3586.17
3423.11
3556.97
3433.93
3050.61
3275.67
3040.95
3269.03
3005.89
3294.59
3154.4
3001.69
3583.1
3082.36
3268.92
3256.73
4044.58
3675.43
4540.82
3244.95
3546.41
4181.33
3241.4
3365.22
4661.08
3925.66
3290.78
3501.32
3567.44
3058.99
3052.73
3962.11
3889.66
3332.48
3125.19
3580.38
4434.26
3454.6
3743.85
4189.84
3008.99
3787.09
3511.5
3011.98
4191.29
3967.2
4084
3819.13
3378.14
4143.41
3269.79
3206.34
6017.68
6257.01
6333.16
6225.41
6209.79
6292.1
6492.21
5988.38
6097.75
6100.34
6038.52
6095.31
6013.95
6011.16
6324.5
6728.79
6515.07
6757.54
6475.91
6615.8
6257.68
6659.24
6402.01
5995.69
6047.54
5968.45
6061.24
6295.01
6205.57
6687.89
6563.88
6436.88
6783.55
6201.94
6432.27
6305.58
6325.44
6260.72
6727.8
6673.36
6311.14
6241.5
6190.63
5378.25
6087.75
6306.32
6156.66
5917.04
6146.04
6747.4
5953.55
6260.02
6459.87
6522.04
6549.36
6138.52
6079.14
6068.32
3258.01
3265.78
5964.23
3118.67
3126.12
4054.66
3338.94
3220.75
3241.46
3117.39
3115.06
3069.71
3002.34
3176.68
3091.87
3134.09
3258.83
3100.24
3247.75
3102.91
3169.98
3069.48
3189.16
5804.26
6536.03
7014.68
7364.3
5039.19
5862.2
3271.47
3208.68
3583.57
5604.28
7352.07
3259.06
5324.02
5648.63
6743.58
6453.75
4940.48
3166.95
3080.96
3315.42
3142.05
3171.13
3539.48
3229.96
6841.58
7281.01
6613.69
6982.99
3582.92
5642.95
6055.64
3525.4
3021.23
3053.53
3042.42
3022.14
3047.77
6264.85
7360.28
6005.26
3236.79
3012.01
6736.54
5940.66
5419.52
5170.58
6343.26
3012.99
3022.63
3026.68
3024.64
3474.93
5355.73
5183.05
7516.93
4805.03
4837.36
5474.08
5428.62
3256.09
3220.92
6330.16
5701.34
7550.25
6575.33
5328.27
5169.55
5885.77
5384.86
3251.55
3272.42
5245.77
6300.54
5950.61
5561.27
5154.65
6123.57
5299.89
6585.37
6652.85
6853.07
6078.21
6277.2
5141.71
7051.68
6316.84
6348.79
5186.25
5482.07
5262.64
6092.51
5121.61
5773
5267.5
6700.7
6077.16
7055.08
6840.74
6726.25
7226.98
7737.28
7862.19
7868.95
3215.04
3231.95
3266.42
3486.02
3543.76
3503.69
3294.83
3517.76
3114.31
3045.88
3033.63
3486.08
3467.55
3443.6
3023.65
3023.47
3005.2
4344.22
4338.38
6669.44
6286.97
5567.94
5924.05
5476.49
5198.73
5254.86
6136.24
5604.23
5609.1
7740.53
5184.58
3305.29
3043.73
3302.79
3382.4
3347.52
3366.47
3387.3
3353.13
3321.16
3506.68
3493.38
4437.23
6903.31
5897.83
5135.82
7258.6
6690.8
4995.4
3255.16
3208.81
7300.31
6880.5
7270.73
7403.94
7214.28
6985.19
5659.39
3205.93
3209.54
3198.7
7835.19
7924.43
7101.44
3272.04
7871.25
7510.35
7663.22
7253.27
6956.93
4948.81
6251.49
4821.39
5235.32
7396.75
6656.7
5267.49
5876.06
6300.98
6515.42
5360.57
6985.52
6959.86
7537.22
3048.88
4119.24
3094.21
4930.86
6095.54
4508.85
3283.35
3278.01
6149.86
5888.44
6864.1
6617.58
6176.85
5975.96
5927.54
5774.61
6443.76
5571.33
6846.98
6775.99
6562.88
6290.81
7007.96
6098.52
7072.46
6855.91
6663.83
6526.17
6129.58
6066.68
6284.8
6211.51
7222.59
7323.41
6395.31
6154.48
4897.03
5971.66
5691.74
5538.38
5851.47
5202.46
5919.37
6284.66
4848.81
6043.07
6685.24
6429.75
6565.87
6551.68
6714.57
6309.6
4392.15
5640.91
6035.93
5543.2
5714.52
6040.33
6468.01
6804.03
5672.77
6047.49
6130.16
6407.88
6701.95
5898.42
6711.3
7041.83
6062.17
6440.81
6720.5
6717.13
6496.71
6421.14
6656.06
7181.84
7408.33
3027.59
3040.07
3030.89
3132.2
3130.32
3035.87
7652.38
7586.47
3203.29
3239.7
6837.28
7132.73
7036.02
7648.29
3163.54
3129.53
3171.56
3175.37
3170.98
3020.12
3028.6
3152.35
3204.3
3174.6
3195.28
3168.92
4170.36
3045.13
3075.59
3059.33
3049.22
3041.43
3043.24
6340.31
6070.45
6072.1
6139.51
5906.34
5865.64
5757.88
5683.33
5475.23
5752.02
6043.18
5818.52
6456.87
6122.1
5931.4
5841.93
5895.52
5540.26
5414.31
5812.32
5488.84
5931.76
5758.91
6106.45
5370.95
5635.36
5328.28
3178.75
7269.1
6961.94
5945.67
6005.63
5728.6
6406.51
6312.58
6361.69
6264.1
5845.95
5682.38
6067.6
6178.13
6275.57
6172
5978.3
5893.48
6818.79
5560.98
5681.25
5411.24
5237.65
3272.85
5726.18
5955.75
5706.41
6147
5440.83
5678.02
5717.72
5300.06
5849.15
6993.26
7116.95
5735.44
6026.63
6540.55
5802.77
5592.92
5805.58
7055.86
5562.86
5808.34
5785.59
6288.48
6023.71
5893.6
6425.12
6269.75
6153.77
6553.55
6344.69
6049.37
5929.87
5974.24
5833.68
6496.65
6328.22
6130.08
5860.6
5729.6
6374.41
6101.08
5851.37
6207.77
6475.56
7265.26
5602.78
5651.21
5527.76
5433.4
5298.03
5646.63
5425.91
5347.31
4255.23
4110.4
3283.13
3218.18
6990.15
7646.43
5917.58
6074.21
6390.11
5997.11
6584.51
6048.76
6214.46
6726.52
6573.58
7443.8
5166.68
6144.13
6974.46
5784.23
5758.63
6192.55
6512.35
6080.33
6463.11
5771.1
6153.72
6099.65
6215.76
7128.36
7253.02
7396.17
5383.95
5637.64
5520.69
5364.16
5479.84
5606.94
7086.62
4132.46
5108.11
5937.39
7085.8
6009.29
5558.81
7106.89
5717.75
6006.75
5587.8
7183.98
5642.14
7071.81
5717.96
6760.04
6432.73
6068.59
5975.87
6106.13
5888.88
6634.11
6462.78
6073.89
6111.79
5939.9
5786.17
6695.26
6465.19
6154.11
5881.15
6550.97
6252.08
5831.09
6333.73
6107.93
7340.84
7308.49
7333.79
7395.3
7346.52
6977.54
5384.23
5445.16
5417.06
5560.27
5272.41
5217.48
5595.96
5275.2
5509.95
3224.71
3282.86
6656.91
6561.1
6557.44
6788.24
7374.72
7115.87
5100.06
5015.37
4079.37
4298.28
4296.87
7252.33
5285.04
5357.55
5974.31
5502.04
5549.22
5931.31
6724.44
5540.08
5795.33
6218.3
6990.53
5955.35
6187.58
6241.06
6069.67
5904.48
6279.17
5867.05
6536.15
5752.96
6046.51
6405.25
6579.37
6757.27
6476.4
6305.01
5821.61
6096.56
6784.58
6920.35
7030.01
7274.25
7396.99
5799.19
5094.38
5199.09
5167.05
5699.75
5350.73
5650.7
5244.28
5354.2
5469.07
5589.84
4244.3
3260.05
5021.87
6832.32
7246.5
7608.28
5714.52
5709.79
5993.49
5756.1
6446.32
6048.82
5592.53
7133.4
6833.83
5923.53
6165.39
5868
6435.88
6434.14
6872.11
6653.73
6216.44
6298.63
7400.59
6964.34
7339.83
5547.9
5343.41
5501.59
5607.22
5404.31
5199.42
6097.61
5700.7
3028.32
5898.05
5647.22
7176.88
6816.03
7275.74
5356.77
5964.29
3300.68
3084.76
3277
5804.22
6429.17
5724.11
5903.99
6412.32
5838.1
6106.21
6271.91
6421.17
6615.63
6601.19
6789.89
6923.97
6560.66
6745.39
6387.76
6787.9
7108.88
7072.12
7383.44
5662.06
6058.12
6160.56
5083.7
5130.48
5168.7
5176.96
5216.97
5211.61
5323.02
5420.7
5522.02
5221.59
3368.14
3003.71
4402.07
5539.88
5255.52
4925.14
3211.65
7548.21
5605.97
5703.16
5888.27
5967.25
5795.33
6905.09
6874.44
6474.93
6393.47
6336.31
6140.59
6110.17
6726.65
6704.93
6612.76
6146.97
7252.77
6991.99
6570.19
6708.86
6741.46
5640.48
5382.28
6142.4
5422.27
6164.04
4868.1
5198.59
6004.87
6129.44
3174.68
5467.61
5872.78
5905.81
5833.08
5864.12
5852.66
6680.81
6611.68
6869.89
6568.83
6337.41
6306.55
6128.14
6076.34
7056.06
7133.06
6553.06
6564.91
5455.09
5488.12
6034.68
6050.79
3251.58
5119.83
5031.49
5118.08
5155.02
6960.59
7096.98
5630.19
5938.61
5794.29
5450.15
5647.37
5495.82
5702.67
5749.2
6276.56
6566.15
6650.36
6495.47
6721.73
6895.87
6955.2
6200.13
6378.64
6801.67
6693.12
6881.52
6926.07
7202.55
7440.94
7570.59
6103.21
5530.48
5719.31
4764.7
3003.9
4188.01
5445.64
4357
4543.25
4406.96
4285.36
4350.39
5120.49
4268.33
3787.26
5520.79
6210.42
5742.42
3841.91
3793.06
6451.02
6721.45
6974.13
7244.43
7570.34
4330.13
4405.24
4089.15
4292.39
5683.42
5621.87
6182.37
6006.56
4882.98
5150.96
5855.42
5129.58
6271.08
5008.64
5299.34
5164.93
5645.38
4743.43
4349.91
4412.48
4132.45
4290.93
4211.75
4340.51
4014.67
5894
6253.16
4144.95
5764.05
5368.29
4639.47
4045.75
4780.92
5020.91
5311.05
4935.83
3837.51
7609.26
7049.29
7915.44
7006.73
5135.17
5125.24
3269.79
5092.56
3216.02
5812.57
5651.63
5688.15
5820.13
5614.8
5478.91
5571.56
7234.15
7113.73
6369.15
6343.89
6185.54
6849.6
6636.1
6448.66
6503.9
6475.94
6596.75
6950.23
6772.47
6532.9
6359.98
6284.39
6189.79
6272.16
5912.57
7407.36
7560.17
6883.53
7380.53
6687.69
6575.85
6673.33
6973.93
6438.46
6470.07
7019.62
6944.55
6726.09
5346.08
5251.52
5738.53
5416.13
5292.89
5147.62
5485.86
6116.33
5694.4
6049.49
4480.98
6088.9
4800.44
5410.88
4644.51
7740.35
7305.81
7706.65
7445.21
7387.34
5857.65
5868.47
5864.22
5858.48
6003.07
5924.98
5464.99
5571.53
5884.14
6891.8
7226.95
5527.17
7148.86
5810.1
5936.05
6003.67
6320.42
6493.14
6346.47
6835.29
6635.59
6794.31
6639.19
6417.03
6654.72
6540.08
6887.39
7114.37
6428.68
6549.31
6445.16
6671.39
7331.35
7120.79
7282.26
7388.27
7490.76
7542.61
7321.8
7567.97
6045.96
5305.93
5390.22
5618.5
5209.12
5511.39
5675.12
5558.24
5662.76
4309.64
4108.74
4064.39
4233.89
4320.39
4885.79
4259.08
4221.27
4126.15
4254.54
4246.5
4194.36
4252.19
4148.5
4208.51
4117.16
4225.86
3118.6
3128.94
3163.44
7482.54
7185.4
6858.04
4985.38
3234.42
7479
4721.58
7578.98
5274.54
7588.94
4654.09
5056.5
5424.99
5241.03
5417.02
6478.07
7414.74
3859.25
4892.88
7038.05
7357.95
4503.63
4825.46
5013.9
4031.4
7627.2
7338.9
7132.5
7777.88
6731.87
7518.54
6301.66
4873.5
7454.11
4983.26
3681.55
3483.57
4978.02
3001.42
4626.45
5746.71
5831.65
7044.26
5964.56
6040.16
6086.13
6747.48
6280.36
7148.21
6947.79
6132.27
6286.98
6581.15
6350.2
6497.63
6846.31
5928.93
6364.11
6600.58
6366.53
6766.3
6928.28
6513.2
6665.08
7408.03
7240.33
7126
7285.36
7539.34
7295.47
6133.72
5718.83
5431.91
5738.67
5780.27
5560.55
5735.46
5335.47
5316.13
3784.9
4405.23
4428.56
3686.53
5455.25
4287.36
3760.78
4306.66
4233.11
4093.69
3382.68
5362.92
3719.06
4754.37
4881.22
6677.71
5984.93
5774.52
5140.38
4254.54
4197.13
3646.43
3313.53
3291.09
3578.94
3595.81
3692.48
3828.24
3757.38
3863.33
3818.91
3944.25
4012.09
3797.76
4298.72
4547.28
4413.85
4384.99
4089.27
3957.54
3867.76
3579.95
3547.32
3625.96
3943.07
5048.77
4844.46
4309.77
5047.17
4107.26
4133.96
4541.17
4314.43
3804.85
5270.39
5198.51
4460.55
3890.36
3797.21
4866.43
6301.77
5514.18
5247.77
5748.64
4888.3
5898.5
5225.88
5237.7
6136.82
6511.13
5675.5
4705.28
5528.56
5878.67
5845.86
5750.48
5997.97
6008.1
3202.74
3212.93
3240.72
5715.62
6479.22
6041.43
5519.22
5858.37
6144.4
6468.15
6015.54
5121.06
5252.22
5931.11
5215.77
5194.86
5755.75
5803.26
5680.35
7910.81
7889.98
7477.49
7462.45
7598.81
5462.44
5832.92
5776.07
5527.78
5298.82
5562.03
5806.74
5335.33
5813.43
5632.26
6060.42
6012.89
5959.75
6075.04
6147.62
5407.39
5513.41
5409.27
5634.75
5912.18
5133.67
5241.84
5290.55
5293.03
5925.2
6303.77
6128.58
4068.77
5560.21
5068.94
5704.12
3835.15
3215.05
5528.32
5423.95
5380.92
4434.66
4105.72
4109.94
5595.14
7735.43
3003.53
5494.41
6896.04
6711.43
6562.95
6340.5
6854.78
6676.43
6296.46
5929.91
5971.27
5464.29
5387.48
6606.7
6508.49
3208.96
5274.15
5502.1
4768.89
4471.82
5568.57
3003.94
4942.38
4826.9
4301.67
4667.14
4529.81
4718.92
4863.59
4575.87
4462.62
5855.3
5483.97
5158.97
5371.21
5541.8
5670.32
6069.82
5979.73
5891.43
6200.87
5817.58
6581.93
6143.71
6227.72
6724.54
6723.63
6915.04
5402.24
5415.13
5494.79
5676.2
6340.05
5734.35
7022.4
6526.39
6441.22
6676.05
6703.37
6641.31
6990.87
7704.16
5634.15
5857.26
5457.74
5638.18
7751.07
7530.25
7415.2
4983.57
5907.87
4582.75
5626.73
7677.3
5777.58
5525.66
5434.08
5275.02
5752.24
5473.86
5451.74
5308.77
6587.43
6513.38
6619.03
6429.9
6092.51
5923.07
6538.41
6530.23
6611.38
6389.22
6044.49
5870.01
6071.37
6372.43
6296.64
5884.1
5543.21
5431.96
5618.95
5502.14
5547.21
5433.14
5377.41
5340.94
5428.04
7032.5
6912.91
6912.99
6939.87
7034.69
6810.12
6812.49
6965.8
6829.85
6942.56
6805
5305.66
5693.68
5740.06
5676.73
5705.06
3208.24
3224.15
4940.56
4382
4606.39
4962.71
6888.53
6462.64
6366.76
6024.14
6364.13
6371.06
6126.32
5413.86
5674.22
5483.95
5594.19
5408.07
5384.09
6991.68
6668.7
5613.91
7276.63
7748.39
7037.26
7171.4
7544.87
6722.12
7912.4
5321.7
5313.23
5364.37
5581.18
5386.11
5750.61
6074.83
6239.88
6017.07
6055.68
6323.31
5918.78
6473.53
6224.66
6568.51
6412.37
6557.17
6674.5
5294.23
5565.74
5324.01
5320.5
5409.56
5450.54
5552.1
5437.6
5569.41
5436.12
5560.66
5487.49
5576.91
5793.44
5454.42
5601.39
5725.19
5458.51
5619.02
6983.1
7149.7
5580.77
5742.72
6627.62
6850.61
6706.38
7442.42
5611.77
5475.33
5071.76
5299.44
5891.35
5576.13
5553.13
5278.32
5566.58
5245.18
5270.81
5344.23
5288.6
5425.75
5397.69
5461.6
4826.93
4561.41
5449.92
5435.81
4495.08
7441.15
7925.21
5446.67
5445.97
5698.35
5387.69
5255.26
5581.95
5078.94
6768.78
6279.24
5850.62
6324.92
6004.05
6126.3
6008.2
5886.9
5670.11
5731.59
5460.74
5328.96
7110.82
5327.17
5277.92
5229.11
5409.75
5255.06
5370.09
5090.34
5314.88
5739.41
5014.64
5351.71
5280.81
5257.92
5407.07
5611.37
5144.54
5299.91
5023.01
5183.6
5087.19
4626.54
4459.52
5584.7
4776.75
4575.49
4980.71
4949.58
5473.44
4626.63
5291.26
3204.33
3265.26
7358.28
7252.26
7546.5
7419.08
7347.08
7328.45
7172.6
7667.22
5404.05
5396.76
4655.26
5452.71
5419.59
5346.3
4797.08
5320.65
5396.95
4730.88
4604.6
4480.15
4937.64
5459.75
5145.44
5595.22
5155.8
5504.18
6635.04
6583.69
6344.3
6136.52
6519.58
6284.59
6019.71
5996.64
6323.51
6152.79
6007.47
6111.45
6093.95
5521.05
5748.4
5676.02
5481.96
5713.58
5847.72
5515.08
5370.9
5805.84
5699.71
5588.69
5416.07
5680.29
5915.39
5499.68
5707.92
5490.36
5338.93
5288.03
5342.62
5499.94
7150.98
6987.26
7001.25
6937.9
6699.2
6694.19
6626.11
5381.79
5266.25
5365.51
5365.59
5235.62
5254.76
5201.01
5331.09
5224.34
5491.89
5279.05
5755.72
5311
5784.29
5363.12
5109.41
5203.94
6729.2
7075.57
6799.63
7078.65
7193.17
6585.97
7052.81
5007.2
5176.54
5185.29
5350.47
5584.04
5702.25
6921.57
6710.59
4584.57
4923.93
4483.04
5510.65
5537.98
4897.19
4495.72
5330.45
5280.11
5066.69
5596.15
6311.31
6677.97
5708.35
5696.8
7109.05
6886.37
6895.19
7007.58
7806.64
5152.65
7638.73
7381.92
4556.52
5099.86
4631.28
4777.01
5051.3
4244.11
3407.72
3731.84
3506.36
5219.25
5465.92
5662.29
5095.26
5404.89
5243.35
5038.01
5584.51
5057.51
5345.09
5326.53
5150.89
5285.48
5133.41
5658.29
6040.35
6655.16
6628.85
6645.89
6402.26
6560.38
6325.87
6279.59
6675.15
6400.99
6109.82
6054.21
6332.92
6187.83
6467.7
6260.81
6059.6
5983.72
5975.05
6007.82
6104.29
5735.35
5661.11
5737.79
5705.34
5760.71
5931.81
5849.37
5398.98
5310.8
5368.25
5385.09
5291.49
5561.41
6583.55
5662.5
6906.52
7163.05
6974.82
7846.21
7291.55
7205.29
6853.25
6910.38
6740.17
6826.05
6703.49
6648.08
5325.96
5304.4
5283.31
5728.12
5321.75
5239.74
5470.76
5320.17
5685.34
5632.98
5311.17
5051.48
5039.91
5855.48
5524.02
5265.83
5259.39
5027.35
3235.77
3212.05
7271.08
5000.6
7178.97
7881.03
7441.69
7453.79
7319.94
7526.36
7657.73
7064.16
4544.69
6521.86
5487.89
5785.06
5190.16
5028.68
4985.35
4499.19
4730.68
4326.1
4653.47
3888.3
4074.72
5771.41
5881.57
6346.11
5530.88
4512.5
6549.68
4704.89
4707.95
4384.57
4352.79
3100.13
3046.84
3048.75
3165.72
3024.78
3021.48
3083.12
7708.64
7314.78
7936.53
5085.52
7506.17
5062.89
7813.97
7180.08
7390.87
7462.82
7675.48
7087.81
4925.14
5077.06
4852.8
5116.45
5167.38
5080.43
5102.61
5129.14
4862.7
4954.59
4973.11
5286.33
5163.83
5089.55
4986.06
5518.37
5152
5167.34
5135.88
5082.67
5047.21
5197.69
5363.22
4980.11
5413.1
5255.27
5364.42
5140.93
5483.51
5183.58
5483.17
6134.86
6540.98
6502.74
6849.65
7127.71
6323.36
5703.7
7052.62
6991.03
6799.35
6963.34
7037.97
6687.3
6981.87
6856.08
7401.2
7291.62
7190.74
6808.73
6961.33
6749.94
7127.62
6795.93
7517.84
7287.93
3960.91
3927.12
3796.32
3800.26
3804.34
3005.01
3620.15
3704.81
7279.24
5076.45
5107.69
7291.62
7629.11
7062.19
7767.25
7293.62
7878.96
7528.27
7418
6021.55
6360.38
6076.56
5887.85
5453.14
6102.57
5006.7
4608.78
4570.89
4757.05
3618.74
6374.8
6332.94
6562.97
5594.25
5388.92
5078.37
5156.92
5277.1
5250.54
5162.82
5464.29
5464.32
5949.18
6934.35
6609.16
6571.1
6593.99
6323.01
6489.56
6586.11
6277.63
6104.79
6791.5
5954.56
6304.39
6421.56
6046.68
5670.03
5553.38
6540.27
6199.52
6055.1
5807.76
5735.08
5604.84
5928.72
6068.75
5863.23
5855.47
5743.78
6247.44
5360.78
5403.9
5319.27
5459.73
5323.17
5614.81
5601.02
6020.23
5870.75
5590.66
5824.5
7008.39
7135.74
6873.68
7739.22
7632.72
7054.21
7022.02
6768.24
6685.42
6983.16
6889.41
6962.87
6711.13
6597.89
6966.92
7174.95
5396.27
5259.03
5527.15
5307.71
5533.19
5579.86
5279
5626.54
5369.75
5357.15
5031.39
4559.02
5043.34
4962.49
4797.81
5099.84
4865.49
4885.59
4912.78
4923.32
4939.97
5049.71
4685.1
4923.66
4727.48
4771.84
4714.57
4872.61
4797.77
4816.4
4681
4756.78
5177.19
4993.95
5495.64
4935.89
4901.45
5320.32
5468.39
5285.33
5116.19
5088.89
4884.26
4737.73
4957.41
4934.9
4670.3
5009.54
5039.46
5122.91
5368.28
5165.48
5437.72
5211.95
5496.29
4964.28
5041.87
5159.57
5060.97
5151.04
5345.73
5115.72
4685.41
5236.85
5185.38
4730.5
5120.49
5182.65
5156.39
4963.99
5037.58
5106.2
4638.86
4908.79
5033.28
5009.62
3220.92
3214.11
5074.54
5502.45
5300.28
5067.73
4953.72
5009.28
5149.67
3446.04
6533.07
6002.1
4753.41
5726.16
4397.85
6435.18
6929.52
6663.09
7142.76
7049.04
6673.45
7035.9
7025
3455.73
3074
3029.45
3025.99
5193.45
3443.27
5725.23
5475.32
5900.23
6299.54
5841.77
3064.91
3040.57
4835.65
3951.68
4100.71
3712.42
4168.96
4281.74
4713.32
4675.66
4649.2
4434.13
4245.3
5212.12
6325.29
6186.13
6572.43
6388.84
6627.71
6683.47
6358.51
5916.84
6287.5
6269.86
6733.86
6586.45
6763.33
5375.01
6553.11
6411.23
5811.74
6011.75
6151.47
7132.33
6622.88
5609.02
6631.36
6966.88
7097.44
6986.19
6682.42
6845.75
7379.72
7336.26
7313.79
5300.97
5725.03
5229.11
5424.62
5365.24
4620.39
4835.19
4763.87
4523.42
4357.19
4732.94
4637.87
4595.83
5001.02
4920.56
5249.53
4804.62
5168.32
4884.87
4572.35
4532.64
4740.7
4596.71
4687.54
6441.47
4812.3
4894.62
6299.55
5675.87
4782.46
5060.52
4921.72
5869.71
4782.02
4742.09
4569.46
4685.17
4860.3
4742.39
4853.41
4784.84
4874.61
4865.43
5007.32
5131.46
5125.59
4961.73
5196.73
4640.75
4818.11
5002.3
4886.7
4966.1
4988.83
5372.71
4518.36
4393.69
4683.28
4375.85
4450.07
4392.7
4397.81
4396.89
4354.72
4351.63
4118.24
4650.41
4250.58
4236.15
7530.02
7064.16
7526.09
7093.9
7207.77
7533
6238.66
3051.71
3069.68
3045.01
3202.3
3266.78
3018.56
3044.28
3027.81
3062.32
3057.35
3221.96
5929.76
5765.27
5720.77
5783.54
6357.41
6182.79
5829.11
5875.74
5831.1
5628.54
5881.98
6228.1
6106.28
3289.49
3204.62
4786.01
5523.2
4245.37
4119.55
3879.16
3764.68
4428.64
3267.44
3273.32
3275.89
3281.94
3694.96
4057.67
4080.31
4022.57
4082.04
4107.75
4395.17
3512.88
3999.43
4798.37
4103.02
4588.02
4987.69
4013.24
4162.51
3928.03
4261.12
4169.25
4662.44
4703.17
3480.9
3536.17
3163.13
3238.26
3184.82
3616.43
3122.91
3081.85
3081.64
4250.66
6166.77
5635.71
5625.92
7072.25
7094.25
6449.93
7511.03
7098.94
7625.35
7438.54
7219.9
4458.55
4128.17
4457.63
4727.54
4839.71
4219.4
4479.56
4251.01
3933.63
4239.65
3998.58
4066.98
3862.15
3969.21
4198.95
4591.53
4575.65
4337.26
4699.18
5638.71
6207.3
5901.54
5720.72
5235.29
4137.97
4561.41
4865.66
4185.24
4361.69
4436.27
3745.51
4116.66
4606.34
4326.89
5021.6
4603.61
5011.47
3530.2
5296.14
5180.93
6720.94
6794.05
6595.5
6371.63
6475.22
6745.43
6208.67
6523.31
5989.37
6282.84
5736.66
6089.31
6351.05
6008.86
5836.83
6529.77
5567.45
5878.93
6438.7
6468.27
5905.04
7045.5
7058.29
7858.74
7335.01
7392.35
6955.38
6889.09
6926.22
7045.88
7095.03
6675.56
6819.95
6826.25
7024.25
6704.18
7071.56
5396.27
5616.35
5485.9
5665.54
4828.25
4731.1
4248.16
4676.2
4168.99
4250.63
4231.07
4250.66
6642.68
6530.37
7169.65
7123.4
6894.03
6981.64
7148.5
6808.5
5077.35
4923.13
5090.76
4618.45
4679.85
4392.44
4605.45
4753.46
4506.92
4491.1
5116.49
4847.71
4828.84
5083.26
4740.75
5354.16
5378.26
4861.47
4885.83
5015.56
5306.61
5197.25
5245.94
6195.16
6302.22
6069.9
6822.29
6365
6491.11
6247.44
6470.56
6186.19
6888.52
5947.03
7116.76
6866.98
7041.98
7073.2
7238.87
6729.34
6937.32
7324.96
7766.77
5364.88
5296.62
5477.48
7122.48
6997.88
7127.5
4191.61
4537.9
4204.6
5154.13
4166.8
5034.49
4850.28
4577.41
4659.14
4484.79
4362.1
4210.29
4511.95
4650.32
4358.9
4965.45
4901.48
4699.85
4385.06
4522.31
4677.69
4557.39
4565.65
4626.82
4455.83
4689.01
4367.68
4760.23
5129.7
4974.56
4956.23
5103.74
4905.41
4844.68
4117.3
4360.25
3659.66
3994.45
4228.21
3975.09
4212.5
3847.01
4022.38
3889.25
4731.81
4260.62
4680.21
4034.34
4242.54
4266.9
4052.35
4463.81
3374.95
4801.06
5449.43
5734.42
5329.48
5169.97
5626.82
5504.94
5510.28
6295.9
5228.12
6030.74
5276.37
5435.8
5756.3
5630.3
5269.57
5836.47
5500.99
5085.3
5662.39
5436.82
5138.66
4969.64
4956.7
4913.42
4996.19
5212.2
5671.52
4262.62
4030.24
5133.52
4949.74
5701.7
5105.13
4706.79
4758.14
4523.97
4114.92
5823.79
5078.45
4769.94
5029.76
5195.57
4251.92
4254.37
4382.29
4970.47
5599.83
3898.93
3980.88
5019.13
4683.04
4942.4
4021.81
3994.32
4703.35
3936.06
4996.74
5281.43
5482.04
5603.83
5081.74
3236.83
3206.59
5738.7
5879.96
5494.04
5499.52
4844.72
5688.84
4052.01
4043.99
5050.98
4994.33
5299.7
4494.79
5562.79
4253.99
5214.09
5315.28
4865.84
4967.22
4334.64
4092.79
4545.1
4941.9
4023.78
4615.13
4298.28
4664.55
4458.26
5780.53
5900.55
5833.87
5939.95
3814.12
4116.74
4344.82
4618.49
5325.46
4988.53
5331.65
4825.35
4604.44
4418.18
3924.2
4550.23
4017.4
3856.69
3970.9
5534.54
5797.01
5613.86
6130.14
5961.27
6043.91
5558.37
5504.55
6131.31
3211.76
3267.02
5919.38
5890.7
5718.23
5604.83
5643.24
5689.92
5556.11
5572.28
5534.65
5555.82
5518.77
5468.21
5481.75
5445.15
5512.21
4552.27
3268.98
6426.92
6488.3
6065.69
6567.43
6516.25
5574.57
5619.06
5612.79
5867.14
5901.88
5974.3
5970.42
5838.3
6512.44
5928.4
5793.41
5943.39
5991.86
6008.15
5974.7
6114.31
6044.57
6533.42
6557.37
6530.23
3078.55
3656.74
3039.71
3073
3014.09
3086.11
3645.94
3601.77
3026.66
3260.95
3259.98
3283.33
3827.65
3265.88
3254.97
4067.92
4062.14
3000.72
4550.42
4502.02
4295.89
6644.49
6630.51
6084.77
6078.34
5999.44
6121.04
5972.31
6321.43
6209.89
6196.67
6090.81
6091.56
6047.22
5927.87
3282.56
5259.3
6397.55
6599.53
6641.07
6526.72
4897.53
6594.46
6234.41
6230.71
6042.16
5947.3
6492.75
6399.32
6043.11
6178.71
6208.44
6122.89
6286.47
6106.62
6354.59
6412.2
6070.85
6018.34
5943.85
6075.49
6094.27
6634.32
6523.13
6590.91
4911.05
6657.19
5844.91
5715.84
5504.26
5867.37
5886.77
5631.94
5680.55
6100.41
6272.36
6121.37
6247.84
6339.3
5536.88
5614.42
5720.35
5494.33
5460.91
5646.7
5548.88
5742.89
5865.71
5843.42
5676.16
5652.26
5932.63
5518.16
5988.16
5848.41
6022.82
6005.84
6172.37
5927.43
6209.64
6071.83
5841.35
6195.36
6200.18
5905.82
6164.76
6207.14
6274.03
5882.29
5562.16
5841.99
5963.1
6094.62
6220.69
5622.82
5781.69
6050.16
6015.38
6079.77
5806.69
6011.58
5935.47
6041.51
6003.28
6016.61
5977.08
6306.54
6408.2
6173.73
6265.58
5644.65
5475.85
5697.92
5604.08
5771.33
5658.92
5866.39
5765.3
5680.49
5467.62
5777.96
5854.24
5791.37
6140.96
6176.48
5444.02
5565.31
5422.14
5555.22
5708.43
5444.99
5550.33
5759.07
5467.95
3413.82
3150.94
3176.36
3149.45
3195.91
3840.69
3814.24
3471.37
3400.33
4967.25
4974.41
4957.46
4894.2
4889.29
4904.57
4869.03
4901.03
4935.26
4935.62
5915.42
6498.7
6362.74
6047.14
6487.13
6637.36
6530.28
6533.68
6381.52
6366.47
6454.64
6113.99
6304.7
6213.03
6231.72
5749.68
5533.57
5608.41
5818.02
5638.46
5807.79
5884.74
5772.05
5495.58
5699.12
5734.92
5480.47
5631.54
5806.58
5872.25
5640.03
5708.82
5903.66
5838.89
5664.5
5644.06
5765.35
5970.17
5906.84
5751.52
5935.67
5888.33
5980.73
6036.1
6020.89
5717.8
6032.17
6001.97
6082.92
6103.68
6080.88
6003.9
5686.38
6077.88
6173.47
6206.66
5929.42
6190.65
5659.5
5823.25
5766.77
5694.7
5470.31
5846.54
5850.91
5579.73
5441.6
5974.6
5642.24
5761
5814.03
5719.4
5596.34
5632.99
5442.61
5924.84
5800.02
5754.95
5897.05
5760.77
5767.08
5452.89
5766.49
5596.3
4053.74
4055.29
6338.41
6296.19
6191.48
6502.95
6016.46
6380.66
6631.74
6478.56
6688.99
6043.4
5865.19
5949.06
6539.71
6550.62
3120.7
3007.52
3099.26
3044.29
3092.24
5239.88
6009.28
6135.53
6321.43
6517.92
6687.39
6164.1
6653.13
6288.11
6566.96
6141.15
6370.64
6693.62
6006.58
6045.05
6069.99
6230.52
6043.36
6056.31
5900.31
6002.4
5930.42
5797.65
6107.67
6738.14
6118.54
5879.27
6083.01
6149.96
6597.93
5732.45
6056.79
5890.03
6377.09
6258.74
5912.88
5720.09
5893.58
6526.81
6229.26
6481.29
6521.55
6665.44
5940.83
5989.05
6735.32
6658.31
6028.36
6481.94
6159.55
5919.47
6608.99
5535.74
6531.56
6404.17
5885.17
5815.18
6238.61
6032.31
5978.8
5690.71
3275.64
5129.48
5256.14
4926.69
4891.57
4843.95
4994.54
4956.67
4934.24
4914.68
4954.81
4902.4
5001.23
4915.09
5001.63
4965.42
5024.12
4951.03
5017.77
4973.86
4980.14
4999.8
4969.56
4969.57
4963.89
4992.25
4971.29
4978.35
4951.13
4968.74
4874.01
5008.75
4981.48
4986.63
5019.5
4989.56
4919.76
5047.95
4929.42
4868.89
4962.51
4922.51
4854.46
4993.73
4966.76
4936.88
4894.61
4995.93
4955.75
4976.92
4916.92
4863.46
5003.61
4974.23
4954.4
4908.3
4989.66
4955.16
4968.88
6529.02
6635.24
5981.1
6601.84
6720.86
6767.93
6617.73
6450.12
6648.15
6575.47
5965.97
6095.95
5973.4
6118.59
6088.32
5984.38
6592.67
6191.18
5948.5
6115.94
6677.36
6659.16
6538.04
6118.22
6009.55
6067.35
6654.83
6329
5811.39
6548.59
6608.53
6704.37
6666.9
6729.96
6767.44
5995.42
5840.3
6005.69
6546.16
6109.7
6083.46
6090.15
6207.97
6039.39
6217.46
5782.26
5965.28
6072.27
6677.26
5637.02
5990.18
6338.09
6315.34
6146.63
6492.72
6554.3
6260.98
6454.12
6488.5
6028.24
5939.89
5995.96
6049.06
6081.8
5967.47
6014.32
6030.9
6204.87
6105.64
5929.84
6065.51
6722.21
6236.74
6594.52
6780.52
6763.12
6490.08
6130.36
5905.1
6719.79
6636.33
6370.29
6706.06
6118.53
5896.9
6007.44
6527.03
6725.17
6676.53
6365.58
6420.77
6705.97
6443.84
6136.42
6337.63
6484.52
6384.16
6081.93
6322
6457.41
6653.84
6646.35
5990.77
6573.97
6434.69
6342.26
6425.91
6417.9
6328.71
6264.02
6528.58
6638.88
6668.06
6789.18
6741.22
5948.97
6012.33
6286.12
6484.21
6443.38
6301.15
6199.02
6084.37
6504.68
6531.11
6512.99
6440.61
4704.14
4682.98
5494.37
5413.67
6211.86
6281.33
6355.43
6156.26
6065.12
5966.37
6597.28
6486.49
5999.3
6390.09
6184.69
6076.21
5598.8
6000.44
5818.22
6256.52
6167.27
5974.41
6262.81
5608.88
6226.65
6054.37
6047.77
6451.41
6292.54
6517.75
6465.02
6484.18
6406.01
6454.05
6466.29
6326.85
6049.57
6576.1
5967
5974.33
5983.07
6147.16
6253.28
6215.09
6241.11
6358.06
6038.71
6218.7
6700.91
5915.67
6390.55
6593.19
6683.02
6029.89
5996.92
6052.45
6071.75
5912.68
6065.99
6347.41
6017.78
6363.95
5981.92
5915.63
6028.34
6724.61
6512.65
5955.75
5964.91
5849.51
5864.23
5774.84
5997.52
6690.22
6081.37
5935.23
5643.28
6011.02
6774.93
6701.59
6091.1
6042.66
6010.9
5964.45
5990.33
5742.3
5899.04
5605.13
6047.77
5967.06
5882.08
5626.44
6097.82
6101.41
6092.97
6113.75
6281.97
6108.75
5728.19
6240.98
6449.4
5917.33
6666.49
6469.89
6121.61
6192.81
6080.17
6179.28
6586.66
5813.22
6026.4
6277.49
6093.73
6702.75
6129.23
6082.45
6012.48
6441.41
6635.88
6692.82
6642.51
6687.2
6708.91
6750.7
6723.47
6279.84
6754.11
6764.67
6660.29
5927.7
5886.68
5837.76
6312.02
6480.56
6284.91
6299.21
4276.45
6898.45
7085.95
7031.32
7056.86
5079.24
5104.56
5004.33
5154.88
5016.99
5038.15
5119.81
5204.15
5236.93
4994.32
5094.56
5154.04
5164.18
5132.76
5035.48
5075.02
5163.05
4977.75
5194.34
5022.06
5070.23
5133.64
5108.56
5176.66
5044.19
4912.62
4603.92
4630.65
4728.62
5035.75
5050.01
5012.19
5000.63
4955.2
5024.96
4977.91
4932.69
4904.94
4868.66
4991.44
4960.37
5029.18
5013.94
4992.47
4962.54
4934.05
4882.8
4967.22
5055.57
4951.93
4874.07
5100.76
5018.22
5073.48
5013.55
5029.12
5039.96
5039.32
4614.03
4992.87
4976.14
5014.04
4969.65
4959.39
5055.49
5037.47
5068.74
5033.38
5043.89
5009.52
4974.49
4961.51
5001.28
4971.83
5157.89
4972.07
5082
5043.17
5169.91
4965.66
4996.14
5002.65
4964.35
5106.49
3256.5
5398.97
6876.24
6922.43
5290.94
3614.49
6716.03
6697.41
6339.37
6659.48
6310.54
6467.83
6198.95
6492.73
6587.85
6190.31
6579.06
6309.53
6430.97
6325.66
6174.44
6466.81
6602.78
6272.84
6382.95
5980.32
5971.34
6026.23
6108.23
6016.07
6119
5985.31
5850.01
6497.7
6280.08
6436.12
6321.07
6093.18
6324.53
6251.32
6322.75
6050.75
6566.07
6254.81
6348.58
6450.41
6220.03
6425.41
6676.63
6497.28
6006.67
6464.45
5993.99
5997.71
5790.8
6475.81
6582.73
6247.23
6485.8
6532.96
6204.36
6108.16
6003.12
6488.32
6580.04
6008.51
5958.1
6769.32
6663.14
6591.53
6364.2
6697.43
6751.81
6783.61
6760.62
6721.33
6621.53
6426.51
5641.67
5534.93
6741.93
6529.17
5580.44
6638
5027.01
5148.12
5073.31
5008.58
5219.56
5154
5090.24
5023.55
5198.53
5132.59
5072.31
5016.23
5170.47
5091.17
5043.24
5029.36
4999.08
4980.67
5168.64
5118.35
5075
5037.95
5014.18
4995.45
4975.8
5220.36
5179.8
5110.76
5085.73
5056.42
5023.28
5001.39
5195.05
5190.66
5204.69
5122.55
5067.01
5034.54
4991.21
5235.86
5203.97
5158.95
5264.1
5238.48
5321.92
5258.4
5159.64
5179.71
5154.32
5133.58
5025.61
5089.92
5054.73
5101.7
4927.8
4949
4881.29
4945.03
4982.54
4995.44
5020.21
5032.93
4861.49
4917.64
4945.19
4974.62
4994.24
5027
5098.99
5063.53
4907.45
4935.43
5355.04
4979.62
4994.83
5014.69
5027.96
4911.83
4933.06
4972.34
4990.78
5021.08
5095.7
5063.66
4870.07
4919.85
4947.35
4973.27
5002.86
5085.61
4872.3
4902.85
4973.04
5008.81
5066
5030.36
5346.88
5271.54
5399.88
5345.41
5286.14
5352.18
5325.01
5081.03
5046.26
5014.63
4993.78
5174.28
5129.27
5084.61
5055.96
5023.83
5024.81
5215.28
5176.23
5121.04
5135.46
5121.88
5241.65
5204.68
5219.95
5210.19
5199.61
5083.48
5257.83
5257.57
5278.27
5282.73
5181.58
5168.68
5321.35
5313.62
5204.69
5231.26
5314.64
4664.29
5241.82
5242.03
5000.46
5293.12
5358.88
5193.9
5096.97
5260.03
3440.53
6236.89
6088.34
5787.59
6259.04
6371.07
6240.46
5889.55
6119.04
6150.23
6189.03
6157.12
6223.19
6160.77
6228.61
5862.6
6154.8
6003.77
6209.4
5874.74
6257.59
5943.51
6298.64
6283.83
6190.35
3535.89
3023.85
3588.34
5853.04
5918.58
6268.2
6405.39
6162.91
5953.25
5991.58
5949.29
6299.06
6369.54
6436.67
6039.37
6391.83
6307.31
6029.28
6011.75
5994.12
6010.86
5927.74
6095.33
6323.49
5928.11
5962.32
6105.07
5804.74
3752.94
6820.91
6750.81
6992.36
7329.7
7386.46
4884.28
5161.39
5043.66
5012.63
5067.24
4862.59
4930
4946.75
4924.98
5157.06
5252.57
5164.65
5185.53
5414
3154.8
3320.28
3466.91
3233.22
3571.91
3398.19
3639.26
6313.27
5943.47
6716.06
6474.66
6043.16
6632.55
6470.9
6005.66
5836.54
5946.37
5163.65
3491.46
5187.16
5223.91
3273.98
3328.52
3293.72
3317.63
3293.05
4235.04
3217.78
3167.39
3178.34
3362.35
3177.85
3160.84
5098.93
3001.57
3127.32
6264.13
5402.02
4108.31
3241.25
3012.61
4297.44
4148.47
4443.64
4415.13
4311.94
4613.49
4519.18
4559.88
4538.57
4507.81
4506.4
4435.32
4209.78
4355.38
4468
4332
6441.51
6133.41
4169.91
4496.58
5005.01
5042.7
4585.91
4578.32
3060.74
3071.78
3066.54
3077.03
3057.96
3357.21
3077.52
5060.94
5198.96
3002.52
3082.5
3111.76
3365.98
3353.91
3141.18
3133.9
3038.87
3118.9
3049.71
3198.31
5758.73
5248.85
5538.39
5350.03
5133.61
5217.14
4918.68
5219.98
4908.66
4721.54
4735.54
4890.88
4850.42
4926.57
4883.7
4893.82
4853.41
4935.86
4580.26
4501.01
4595.35
3564.03
3561.05
3585.38
3548.62
3564.83
5605.25
5604.24
5077.55
4826.03
5043.36
4518.52
4499.56
6331.65
5028.54
4918.58
4963.68
4989.55
5031.28
4915.57
4899.45
4935.46
4943.89
4943.82
4980.3
5029.47
5035.85
4911.18
4935.72
4954.24
4895.05
4913.34
4842.81
4902.18
6286.06
4019.27
6429.66
5394.02
3939.62
5117.05
5186.47
4453.37
3315.56
3277.48
3691
3685.72
3794.44
3784.28
3810.37
3244.52
3280.57
3196.42
3076.04
3122.8
3033.58
3036.46
3437.11
3384.05
3409.94
3970.34
3362.55
3949.92
4133.78
3892.56
4234.81
3189.36
3833.86
3004.57
3088.44
3198.02
3274.87
3208.9
3409.44
3949.75
3989.36
3666.84
3930.01
3413.64
3821.32
3962.31
3967.11
3952.01
3017.71
3053.6
5015.15
4964.41
4989.65
4970.94
4959.72
5001.08
4984.45
5196.88
5035.49
5024.07
4986.38
4922.51
5010.39
4983.33
4914.41
4497.38
4519.6
4559.71
4567.66
4583.87
4536.8
4602.65
3061.9
3315.41
3334.59
3347.82
3004.09
3013.37
3184.08
3075.38
3110.73
3074.82
5735.24
5485.15
3527.88
3629.36
3363.23
3206.6
4079.96
3295.06
4202.41
3977.58
3497.22
3038.41
3449.03
3282.31
4860.31
4994.72
5283.28
5193.58
4900.81
5046.17
4818.64
4983.24
4376.18
4671.17
4818.27
5267.94
5470.47
5431.11
5625.96
6096.52
6140.63
4773.72
4336.4
5190.55
4831.95
4050.44
5538.89
5460.97
4853.14
6085.08
5684.64
6421.86
5657.46
5742.93
6242.8
5359.63
3448.31
3321.8
3422.39
3396.85
3200.07
3323.41
3240.57
3200.89
3315.29
3460.09
3395.61
3446.17
3354.01
3265.28
3001.8
4234.08
3476.2
5185.45
4949.63
5117.55
5126.09
5547.64
5525.53
5309.51
5123.82
5124.47
5149.98
5105.97
5088.76
5080.97
5093.71
5059.71
5048.18
5122.95
4937.32
5007.72
5030.8
5012.51
5121.06
5147.1
5103.45
5087.48
5035
5048.9
5090.89
5062.04
5044.9
4932.62
5001.91
5020.34
5013.19
5178.21
5001.61
4978.4
4945.34
3930.17
5232.43
5138.14
4602.17
4589.72
5149.26
4566.09
4750.37
4224.66
5757.75
5806.96
4857.27
5592.71
4599.73
4511.29
4299.26
5122.87
5521.84
5304.37
4400.84
4482.44
5705.49
5557.45
5422.74
5769.44
4041.91
6135.21
5920.94
4667.33
4199.49
4099.84
4536.3
5046.62
4169.74
5535.67
5414.99
5152.98
5971.21
5458.47
5178.46
5544.77
5357.59
4488.72
4349.26
4565.6
4279.25
4343.88
4801.48
5454.73
5578.59
4914.31
5036.58
4887.02
5034.91
5020.72
4949.75
5018
4806.25
4776.29
6231.6
5170.46
5025.91
5032.35
4794.27
4476.49
4357.35
4043.76
4824.19
4837.72
4825.11
4800.6
4811.46
4812.69
4820.97
4840.73
5076.25
5062.02
5020.7
5068.07
5065.37
5055.78
5042.62
5054.42
5045.33
4998.3
5107.79
5099.97
5093.86
5096.11
5101.57
5104.4
5039.07
5001.83
5119.5
5142.04
5127.96
5132.29
4910.88
5141.32
5125.08
5154.96
5137.69
5143.95
4649.2
4448.85
4252.72
4837.39
4573.74
4562.1
4636.76
4611.2
3065.2
3000.71
3019.11
3013.05
4609.6
3104.47
3031.12
4544.23
3049.81
3061.77
3002.27
3086.82
4217
4332.54
3723.66
5394.19
5358.49
5153.21
5164.85
5147.16
5222.27
5181.96
5167.95
5143.28
5152.8
5140.18
5122.29
5167.36
5140.47
5143.05
5160.28
5195
5140.3
5167.73
5155.77
5137.99
5088.47
5094.46
4360.03
4674.63
6047.58
6075.23
6104.36
6706.19
4928.85
5357.32
4846.01
5380.27
4855.65
4258.15
4770.54
4391.49
4559.63
5349.73
4811.56
4808.27
4381.95
4690.65
4432.88
5093.93
4985.85
5133.68
4837.66
3042
4828.7
4848.2
3009.74
3034.03
5150.6
5140.71
5155.86
5168.71
5145.31
5128.86
5078.36
4802.37
4824.06
4840.52
4818.88
4834.53
5097
4146.96
5163.4
4362.64
4494.55
4456.82
4375.68
5232.62
5112.29
3783.44
3933.21
3788.32
3720.88
3641.77
5331.53
5254.52
3562.82
5165.12
5137.75
5144.77
5158.33
5117.84
7898.92
4821.46
4653.19
3978.1
4426.1
4920.13
4422.54
4888.42
5607.34
5589.82
4914.81
4301.82
4435.6
5890.9
3725.21
6474.83
4705.49
3966.39
4274.96
4133.84
4456.53
5809.42
5224.38
5192.92
4940.64
4706.08
5010.4
4443.13
4424.18
4884.87
4695.27
4362.53
5232.06
5082.62
3770.76
3755.42
5206.24
4833.72
3347.89
5366.8
5283.78
3444.65
3671.61
3272.11
3256.11
3306.97
3061.59
3258.55
4271.23
4023.55
3144.25
3672.11
3699.98
3648.69
3502.17
3356.11
3238.77
3214.37
3330.41
3087.48
5268.71
5273.55
