44.91557
42.8429
44.68504
46.76914
42.04634
42.97805
44.5343
42.04257
44.38543
42.31829
42.31557
44.89743
48.28645
42.53944
44.18251
44.18358
44.16501
44.39308
42.98019
44.47407
44.1069
44.11034
44.18194
44.18089
48.28965
48.28955
45.15594
44.17725
44.17962
43.89167
43.8897
43.88872
42.16959
44.01303
44.01693
44.01534
47.52063
43.09618
42.51366
43.20582
43.21238
42.57116
42.56534
42.84792
42.85141
42.58683
44.47469
42.57286
42.57093
43.38607
42.38977
42.39595
42.39456
42.39714
42.55939
42.56068
44.47238
43.91261
45.6389
42.03161
42.03652
42.03366
42.19553
42.38859
42.3917
42.39323
42.39629
44.47456
44.01789
42.57194
42.57324
42.58218
42.03162
42.57079
44.4738
44.83238
43.97336
43.97231
43.96864
43.96757
43.96281
43.95913
42.14356
44.79048
44.78846
44.78881
44.78824
44.79103
44.78867
44.32943
44.33179
43.03533
43.03962
42.15221
42.152
43.02602
42.826
42.82752
42.83294
42.82592
42.83046
42.82545
42.84633
42.83091
42.18478
42.84679
42.83136
42.83635
42.82637
42.82496
42.18764
42.18455
42.18254
42.84134
43.19971
42.92291
42.9262
42.92229
42.92613
42.919
42.92554
42.86025
42.86872
42.1738
42.1731
42.16865
42.17263
42.17123
42.17052
42.16982
42.17193
42.85123
42.85056
42.85522
42.83135
42.83467
42.83798
42.84528
42.2332
42.84461
42.85191
42.82871
42.83202
42.92982
42.92649
42.92914
43.74896
43.75322
43.75751
44.42205
43.75658
44.42544
44.43222
43.74987
43.76423
42.16691
43.78799
43.78667
44.67953
44.67835
44.65857
44.65937
44.85353
44.85175
44.85448
44.65955
48.86931
48.86702
48.86562
44.48695
44.48664
44.48928
44.48971
44.5642
44.23419
44.23302
44.00784
48.91472
47.83474
47.82904
47.83627
47.83191
47.83054
47.82298
47.83297
47.83343
47.82821
47.82341
43.2837
43.28325
43.27972
43.27736
43.28604
43.2802
43.27665
43.61484
44.50972
44.51038
44.5061
44.50676
44.50444
44.5051
42.02795
42.49989
42.5037
42.34312
42.33867
42.34005
42.20554
42.34508
42.34177
42.657
46.41022
46.4138
46.40309
46.41024
46.4054
46.40897
46.41151
46.40794
46.40667
42.18077
42.17554
42.18347
44.48853
44.50657
42.18152
42.18174
42.18197
42.18129
42.18107
42.18666
42.17783
42.20344
42.17423
42.1837
42.17807
42.18321
42.18296
42.18346
44.36258
42.18259
42.18327
42.18394
45.95367
46.40199
46.37374
46.37928
46.37639
46.40449
46.37591
46.37867
46.38148
46.37518
42.66467
42.56766
42.56439
43.91054
44.27457
42.56697
43.91201
42.56369
44.39198
42.42095
47.55714
48.53721
48.54086
48.54016
47.5963
47.59684
48.55455
48.55089
48.55022
48.5452
48.54588
48.54656
48.54723
48.54155
48.54222
48.5429
48.54358
48.53789
48.53857
46.38258
48.69418
47.93176
47.93913
47.93008
47.93376
47.92809
47.93544
46.80186
46.80259
47.84249
47.83863
47.93292
47.93192
47.93481
48.79392
48.79057
48.46547
48.79479
42.595
42.57479
42.55844
42.56197
42.56905
42.56797
42.5656
42.57135
42.56913
42.59852
44.88974
44.88644
44.88315
44.88384
42.68623
44.26229
44.25881
44.25986
42.68265
42.67908
42.6755
42.66719
42.66362
42.35281
46.26455
46.26384
47.83979
47.83648
48.62354
48.63039
48.58264
48.58194
47.61113
48.34897
48.35167
47.28703
47.28632
48.69532
48.63177
48.88956
48.88614
48.69029
48.63099
48.63503
48.64962
48.63829
48.6431
48.6946
48.69629
48.64636
48.69555
48.79543
48.69602
48.69363
48.6285
48.93724
48.94053
42.63406
42.09898
42.33858
42.33922
42.69846
42.70008
42.6272
42.63164
42.63604
42.64193
42.64042
42.6463
42.66812
42.67838
42.65959
42.6683
42.6786
42.56118
42.29647
42.56188
42.58289
42.58717
42.56403
42.29765
42.5684
42.29879
42.29465
44.39417
42.63058
42.6624
42.33999
42.6246
42.63109
42.63732
42.65647
42.62468
42.62419
42.65656
42.631
42.65611
42.64969
42.63687
42.63741
42.65599
42.63699
42.34096
42.58519
42.29839
42.56028
42.56704
42.56682
42.55926
42.56581
42.29843
42.56566
42.5605
42.63704
42.63354
42.63253
42.63005
42.62802
42.62904
42.6245
42.644
44.17389
42.34248
42.62024
42.34105
42.6242
42.34039
42.6258
42.33899
42.62967
42.58519
42.56151
42.62499
42.62983
42.63004
42.62478
42.62521
42.62457
42.34234
42.64541
42.64035
42.64014
42.63509
42.34259
42.63487
42.61996
42.66644
42.61974
42.62017
42.58039
42.58557
42.56062
42.34067
44.8852
43.36944
44.88307
42.59102
43.86596
42.14208
42.59177
42.59581
42.59538
42.58773
43.36865
43.36797
43.37264
43.37195
42.34104
42.34295
43.86449
43.86853
43.86806
44.88243
44.88685
44.8828
43.37196
43.36879
42.14266
42.14197
44.88356
44.88528
42.7493
46.2576
43.35651
43.35112
43.35047
43.35717
43.35448
43.35382
42.13354
42.75134
42.7625
44.25732
46.13785
46.13358
46.13408
44.39208
43.97894
43.97827
43.983
43.98233
43.98166
43.98099
43.98439
44.25463
44.26137
44.258
46.19265
42.14112
42.13594
42.14023
42.13933
43.37495
43.37403
44.25085
44.25419
44.25331
47.03152
44.03895
44.03981
46.10092
44.03648
44.03562
44.25172
44.03476
44.24752
44.39276
46.20407
46.20476
46.20824
46.20059
44.39014
46.20686
46.208
46.32206
44.39344
46.19643
46.1999
47.07669
42.65454
42.45013
42.48747
42.85682
42.42711
42.86021
42.42619
42.45351
44.39318
44.9987
44.9954
43.37567
43.37854
43.37968
43.38366
43.37752
43.38152
43.38035
43.3792
44.84642
46.34942
46.35033
46.35124
42.60585
47.07793
47.07669
48.827
48.83026
47.07437
48.55073
48.55758
48.5461
42.63302
42.63927
42.63926
42.63239
42.63238
42.63986
42.63298
47.08114
47.07983
47.92537
42.62708
42.63075
42.63442
42.63808
42.73762
42.43269
44.72099
42.44812
42.42975
42.45222
44.71968
44.72038
44.72166
42.44092
42.45341
42.43681
44.18628
42.43386
42.42622
42.44933
42.62796
44.99638
45.00017
44.18531
48.56252
48.55697
48.55841
48.56109
42.34213
42.60627
42.01868
44.71611
44.71937
48.56002
48.56008
48.60865
48.60957
48.55796
43.59974
42.47322
44.88834
44.994
44.99297
43.93486
42.19609
42.20386
43.8469
43.81189
43.80667
43.80932
44.92704
42.76874
42.19901
42.20502
42.76657
44.92905
44.9223
42.4797
42.4788
42.18993
42.18826
44.9246
42.76763
42.20206
44.92665
44.3962
47.60198
48.23061
47.60332
47.60071
47.91437
47.59931
47.91323
43.69255
45.55576
42.41795
42.33997
42.34424
42.34376
42.46978
42.2046
42.20509
42.20062
42.19563
42.19615
42.19116
42.19168
42.1867
42.18722
44.87336
43.93522
43.92957
43.9354
43.88715
43.88626
43.68362
43.68849
43.68802
43.68288
43.68729
43.69214
43.6917
46.25418
46.2482
46.24963
46.24947
44.39541
44.90866
43.84115
44.91418
43.84615
43.80513
44.90726
44.91402
44.91435
43.84082
43.84583
43.84539
44.91452
44.9085
45.92192
47.07665
48.94674
48.94145
48.94129
48.94689
47.07737
44.90994
43.84099
43.68706
43.68349
43.93668
43.93339
42.19876
42.19532
42.19252
42.19188
42.18908
42.18844
42.20285
42.19941
42.19596
43.49485
43.49287
43.49144
43.08426
44.90955
43.84032
43.84072
44.91914
44.92085
44.91737
44.92673
44.93245
47.60803
47.60631
44.91136
44.91494
44.90372
47.07956
48.94067
48.94249
42.27632
42.18288
42.67791
42.66771
42.67451
42.67724
43.49213
43.4917
42.67111
42.67178
43.67358
43.67712
43.67648
43.67583
43.67937
43.68066
43.68002
43.6829
43.6842
44.90515
43.84261
44.89622
44.91238
44.90791
43.83869
43.83936
43.84204
43.83543
43.8315
46.48443
44.90069
48.60843
47.60243
47.07697
48.22647
47.60748
48.22692
48.60886
47.50514
47.60703
47.92263
47.92639
47.92176
47.91839
47.91795
47.92217
42.6722
42.66971
42.67057
42.67015
42.67439
42.67484
42.67527
42.67907
42.67997
42.68241
42.67261
42.673
42.6777
42.67688
42.6773
43.68201
43.67755
43.67708
42.67694
42.67462
42.67262
44.96332
44.96959
44.87714
44.96198
44.96498
44.9663
44.97085
46.58562
43.66429
43.66757
43.67161
43.67084
43.67258
43.67335
43.67007
43.67586
43.67663
43.68067
44.91714
43.83561
43.83484
43.83817
43.8415
43.84483
44.96066
42.67191
42.67273
42.6694
44.95259
42.67858
44.95182
44.95546
42.6794
42.67606
44.95992
47.51041
47.50965
46.48837
48.23005
46.58438
47.50827
42.67147
48.60521
44.87422
44.87571
44.86796
44.87095
44.8717
44.86619
44.86843
44.86917
44.86217
44.86292
44.86441
44.31452
44.31086
44.30847
42.23157
42.60117
42.60255
44.87674
44.87497
44.39494
42.60082
43.84158
43.83725
43.8363
43.83291
43.84064
42.13762
42.19874
42.20243
43.83201
42.59796
42.59709
43.83107
43.88504
43.88873
43.88827
43.88953
45.99107
48.10469
46.32866
46.32792
46.3312
48.93737
48.94063
48.94143
47.04715
47.05042
45.92049
47.04966
46.75191
46.74864
45.7201
48.90133
48.90061
48.90464
48.91605
48.92008
48.23711
48.22902
48.2298
48.68589
47.50515
47.50843
47.04114
47.04441
48.68263
48.68347
45.71933
45.7226
48.68021
48.68104
47.04639
48.91935
47.06791
47.07006
47.06831
44.39043
42.72737
42.1536
42.15654
42.15508
42.73859
42.74233
44.86034
44.85912
44.86757
44.85661
44.85674
44.87466
44.85551
43.38216
43.3804
44.8542
44.853
43.3758
44.3137
44.30923
44.30761
47.5061
48.84545
48.84209
48.83775
48.83873
48.83539
47.03888
47.04234
47.04694
47.06971
47.27941
48.84202
48.843
48.83964
45.38924
47.69093
47.69191
47.05047
47.50368
43.86325
43.86153
43.86609
48.95436
48.9556
48.95077
48.83223
48.85115
48.84678
48.84778
48.84341
48.85452
48.84912
48.82883
48.84441
48.84204
48.843
48.83116
48.8535
42.15773
42.156
43.86092
42.67479
47.2777
48.83908
47.05031
44.30988
47.06851
47.07178
42.1544
42.15337
42.1568
42.16022
43.35214
43.35034
43.38157
43.38451
46.0266
45.02838
43.99556
44.00109
43.99801
43.99956
44.00513
44.00361
44.00663
48.60452
48.83703
47.30415
48.94843
48.938
48.9394
48.94325
42.41435
43.34649
43.35167
43.35122
43.3564
43.3531
43.35267
43.35783
44.32655
44.3272
43.34691
44.00002
43.99953
44.00482
44.00432
44.00327
44.00372
45.02299
45.02283
45.02863
42.16532
42.74529
42.1582
42.16047
42.16304
42.74545
42.16788
42.20249
42.19324
42.19759
42.19811
47.74788
47.74552
48.60536
47.74795
48.23616
48.60207
47.74711
47.30561
47.30635
42.20445
42.1945
42.19714
42.19782
42.1985
42.20046
42.20114
42.20182
42.1574
42.15807
42.16071
42.16138
42.16402
42.16469
42.168
42.19383
44.00349
43.34958
43.34883
46.08684
46.09205
44.12484
44.11711
46.09072
46.08549
44.3941
45.705
45.70678
48.934
48.93911
48.9384
48.73414
48.74234
46.96445
46.96581
46.96718
48.74433
48.73616
48.73835
47.74968
47.74471
48.73185
42.67488
42.67847
42.6713
42.6706
42.67419
44.39448
44.11774
44.12283
44.12333
44.11842
44.12259
44.10963
44.11403
48.73395
47.55977
46.9651
46.9655
46.96469
47.7444
47.74479
48.73932
48.73946
48.74471
48.74488
46.08886
47.56428
47.56444
47.55927
47.56493
45.70412
45.38348
45.38747
45.70369
48.84769
48.84806
48.93625
47.46867
44.12036
44.11247
44.11675
47.13411
47.13606
46.31558
46.32129
47.1334
47.13684
46.9719
46.97785
46.97366
48.9348
48.93574
42.73006
42.72632
43.8265
44.1146
44.11106
44.11393
42.7921
43.8328
43.82932
43.83347
44.2047
44.11814
44.20405
42.72941
43.82583
42.46943
43.81099
43.81233
43.81639
43.81572
43.81504
43.81437
43.81977
43.8191
43.81843
43.81776
43.8076
43.80827
43.81166
47.56313
47.55064
47.54647
47.54231
44.77412
45.88188
47.55903
47.74688
46.9735
45.94728
45.94547
46.97397
46.97797
47.56272
46.32294
48.8452
48.84066
48.85414
48.84547
48.85386
48.93701
48.93325
47.74505
47.54696
44.76812
44.76903
44.76858
44.76674
44.77161
44.77118
42.47666
42.47165
43.8167
43.81235
43.81187
43.80706
47.54764
43.87864
42.52755
43.83112
43.81438
43.81264
43.81857
45.88155
47.3965
47.40055
47.54459
47.39987
47.39309
47.55014
45.8782
45.88222
47.39041
47.39451
47.3938
45.87778
47.39719
47.39789
48.84781
48.34679
48.84508
48.34746
42.18142
42.18778
42.18659
42.18787
42.18671
42.18683
42.18647
42.1815
42.18797
42.19321
42.19434
48.34835
44.59858
42.18539
42.1856
42.18999
42.18372
42.19178
42.18719
42.18896
42.1933
42.15859
42.19306
42.18878
42.18996
42.18564
42.15855
42.15309
42.15426
42.15976
42.15431
44.96864
48.34964
48.85398
48.84655
48.34875
48.35164
48.35035
42.18872
42.73142
44.98444
44.96759
44.96858
44.96695
44.9716
44.96789
44.96892
44.9804
48.35011
48.85638
48.8512
48.84752
48.35798
48.35294
48.3544
48.35063
48.35225
48.3553
48.35161
48.34774
48.34934
43.79723
43.79724
48.85657
48.69955
47.53693
47.53883
48.34357
47.53789
43.8196
43.82783
43.82125
43.82289
43.82454
42.73761
45.62265
42.73621
42.73094
42.73236
45.61385
45.61822
45.62069
45.61603
45.61939
45.6171
45.62376
45.62156
45.61742
45.62298
45.61984
45.61857
45.61523
45.62074
45.61631
45.62187
47.40433
43.80378
47.40451
47.40462
44.97736
45.88906
45.88923
48.02266
48.01847
48.02053
48.0164
48.02616
48.02444
48.01849
48.02318
48.02241
48.01924
42.1174
47.07138
47.07536
45.08815
45.08483
45.08884
45.08551
45.09549
45.09149
45.09216
46.22897
47.53965
47.54326
44.29403
44.29157
47.59781
47.54596
47.73442
47.72898
43.859
43.18741
43.18419
48.50252
46.7338
47.60017
46.73568
43.84778
43.85365
43.85257
43.85846
43.85737
43.85955
43.86325
43.86434
43.86217
47.73265
47.60072
46.73533
45.08684
43.8521
43.85191
43.85794
43.85775
43.85756
43.86358
43.86339
43.86378
43.8632
43.85416
43.85399
43.85997
43.8598
43.85963
43.86579
43.86562
43.86545
47.6027
43.86795
43.86717
43.86468
43.8614
43.85891
43.85814
44.36168
43.33643
43.33588
45.70253
47.59889
45.70108
45.70284
43.86448
47.21577
44.36202
44.36248
43.33311
43.33354
43.86026
43.85982
43.86469
43.86424
43.86956
43.86912
45.70674
45.70073
45.70057
45.69923
45.70657
45.69904
47.59621
47.21875
44.96472
44.96801
45.7043
42.7036
42.71706
42.71489
42.70428
42.71067
42.70782
42.70008
42.71421
42.70076
42.71135
42.7085
42.71774
43.86937
43.86649
43.8658
43.86224
45.7038
45.70506
45.7062
43.86428
43.86784
42.71399
42.70631
42.71334
42.70982
42.63979
42.7028
44.97345
46.34782
46.35191
46.35228
46.34713
46.34751
46.3522
45.70651
42.16781
42.16879
43.10162
42.02576
42.02522
42.17431
42.18119
42.17878
42.17775
42.17535
42.17192
42.17088
42.1685
42.16745
42.16507
42.16401
42.16059
42.16425
42.16082
42.18362
42.18463
42.1768
42.1782
44.54152
44.54106
44.556
44.54207
42.17794
42.17728
44.53865
43.0854
43.08487
43.08532
43.08906
43.08168
43.08259
43.08304
43.0835
43.08396
43.08442
43.08677
43.08585
43.0886
43.08814
43.08768
43.08722
43.08631
43.08571
43.08472
43.08718
43.08579
43.0836
43.08534
43.08759
43.0883
43.08718
43.08646
43.08606
43.08431
43.08687
43.08575
43.08463
43.08503
45.0493
45.05374
45.05218
42.96405
42.45827
42.45518
44.70996
44.70949
42.47858
42.47794
42.47431
42.47496
42.47134
42.47069
42.47127
44.70864
44.71135
42.00314
42.4599
46.16436
46.20709
42.32809
42.33839
42.33641
42.34285
42.33983
42.32669
44.21579
44.21639
44.22205
46.98552
46.98732
46.98304
46.9826
44.21497
44.21486
44.21216
44.21604
44.21473
44.21991
44.21926
44.2238
44.22314
44.2225
44.2167
44.21064
44.21207
44.21537
44.21469
44.21402
44.21801
44.21733
44.22064
43.15129
43.14711
43.14606
44.51466
44.51576
43.18143
43.14762
44.52486
44.51821
44.51823
44.51164
43.18129
43.1469
44.51493
44.51589
44.51687
44.5203
44.52959
44.53298
44.52561
44.52671
44.52109
44.53262
44.51582
44.51599
44.51614
44.51562
44.53204
44.53057
44.52728
44.51155
44.51412
44.51484
44.51812
43.1475
43.17781
44.53059
44.53051
44.53333
44.53225
44.53134
44.52376
44.53422
44.52215
44.52715
43.17709
43.14688
44.52364
44.52822
44.5213
43.99917
43.99941
44.52206
44.51864
42.65968
44.53018
44.52675
44.53561
44.14049
44.1339
44.14406
44.13649
44.14217
44.14147
44.14077
44.14546
44.14476
44.13978
44.53634
44.25375
44.2492
44.24881
43.17749
44.25091
44.25129
43.14473
44.25076
44.25085
44.24473
44.25094
43.14784
44.24997
44.52274
43.146
44.25172
44.25258
44.24701
44.25214
44.24434
44.25135
44.24503
44.25231
44.25154
44.25404
43.14681
44.25281
44.24318
44.25393
44.24502
44.2534
46.70846
44.51872
44.52232
44.25294
44.25182
44.25311
44.25232
44.25358
44.25542
44.25246
43.14849
46.38399
44.25063
44.2542
44.25349
44.24427
44.24707
44.25136
44.52415
44.51693
44.52902
44.52056
44.52276
44.52227
44.51823
44.25295
44.34651
44.34694
44.34737
44.34782
44.34829
44.34875
44.35144
44.35189
44.34596
44.34745
44.35001
44.35048
44.35097
44.35147
44.3455
44.35197
43.14463
44.24617
44.25151
44.25555
44.25465
45.15004
45.15528
44.34753
44.35165
44.35241
44.3509
44.35014
44.34938
44.35492
44.35416
44.3534
44.34763
44.34839
44.34513
44.34436
44.25362
44.25187
44.25111
44.53922
44.51913
44.51838
44.51513
44.52239
44.52164
44.52565
44.52366
47.19412
47.20023
47.20016
47.20033
47.20002
44.34733
44.34141
44.34161
44.34713
44.3482
47.19971
47.1942
44.34298
44.25465
44.2541
44.25293
44.35072
44.35318
44.34476
44.35196
44.34837
44.34958
44.53986
44.52303
47.19743
47.20098
47.20033
47.2005
47.19615
47.19864
44.52089
44.53341
44.5332
44.5331
44.53354
44.52748
44.52681
44.52692
44.52115
44.52132
44.53299
44.52704
44.52735
44.53088
44.53648
44.53502
44.53417
44.53333
44.53249
44.53173
44.51685
44.5243
44.52518
44.52605
44.52758
44.52845
44.52932
44.54062
42.19661
42.19992
42.19909
42.19744
42.19413
42.19329
42.19244
42.19576
42.28675
42.29587
42.29672
42.34792
43.18124
43.17791
44.87309
42.27496
42.27303
42.26806
42.26728
42.27385
42.2757
42.27
42.1941
42.19544
42.19458
46.92545
46.17675
48.14561
46.922
46.92693
46.11594
46.11546
46.131
46.11812
46.1176
46.11992
47.7065
42.28976
42.26374
42.26714
42.27691
42.27758
42.27824
42.2803
42.28362
42.28962
42.28098
42.28635
42.29369
42.28701
42.2891
42.29041
42.29709
42.29249
42.29847
42.29914
42.29982
42.3005
42.30255
42.30322
42.30663
42.30943
42.31009
47.7024
48.04707
46.118
46.11635
42.29712
42.26235
42.26599
46.92491
45.30522
44.53453
46.07322
46.11995
46.82929
46.06409
46.06811
46.06738
46.06665
46.06993
46.07139
46.07066
46.07395
46.11667
47.71218
47.71288
46.06451
47.65704
46.07563
46.0706
46.07078
46.07043
46.06504
46.06487
46.06469
46.07025
46.05912
46.0699
46.06522
47.65716
46.92572
46.91428
46.92024
46.91991
46.92007
46.91446
44.53474
44.53893
44.53527
44.53578
44.54162
42.31065
42.31013
42.30695
42.30743
42.31113
43.14549
43.18121
47.71775
47.72033
47.72044
46.92056
46.92218
46.91755
46.92398
46.91399
46.91866
46.92331
42.31279
42.3158
42.31095
46.91588
42.31735
46.9129
46.91941
42.31473
46.9251
44.53422
46.07263
46.07221
46.07014
46.06763
46.06557
46.06348
46.06305
46.02322
44.54295
44.53563
44.5337
44.53894
44.54364
44.53494
44.53632
44.5191
44.53963
44.53702
44.53838
44.54488
44.54033
44.53907
44.54225
44.54627
44.52429
44.52761
44.54558
44.53978
46.06091
46.05747
46.07094
46.06195
44.54309
46.92461
46.93045
46.92699
46.92249
46.92353
46.91901
46.92008
46.91553
46.91314
46.92117
46.83563
46.83636
46.83296
46.82851
47.66061
46.838
46.82955
46.06036
46.06052
46.06023
47.65967
46.06049
46.06046
46.92007
46.91306
46.92697
46.91319
46.91996
44.54596
44.54139
44.54115
44.53554
44.53581
44.53989
44.5406
44.5409
44.54033
44.5401
44.54162
44.54622
44.54523
46.06422
46.06263
46.06103
46.06205
46.06044
46.05885
46.05666
46.06481
44.54113
46.91642
46.92913
46.91357
46.92393
46.91876
46.91498
46.92541
46.92019
44.54772
44.5442
44.53859
44.54377
44.53888
44.53676
44.53574
44.54262
44.54632
44.54151
44.54329
44.54502
44.53997
44.54043
44.53943
44.5452
42.90146
43.18084
42.87007
42.86884
42.89702
42.89849
42.89748
46.91972
46.92794
46.92661
46.92536
46.93077
46.93206
46.91282
46.91701
46.91141
46.91558
46.05905
46.92278
46.92902
46.92908
46.93531
48.26529
48.26446
48.2612
48.26204
46.9201
46.92269
46.92357
46.92685
46.92773
46.92598
46.92926
46.91265
46.90692
46.91177
46.93013
46.93101
46.91022
46.93255
46.92841
46.92512
46.93342
46.92426
46.92183
46.92097
46.91767
46.91853
46.91438
46.9343
46.90935
46.91108
46.90779
46.91352
46.90207
46.90623
46.90866
46.91282
46.91195
46.91611
46.91524
46.92028
46.91594
46.91681
46.90846
43.41572
43.41478
43.18034
43.14644
43.14853
42.81935
42.82186
42.82262
42.8205
42.82204
42.82436
42.82513
42.82589
42.82608
42.82763
42.82839
42.83513
42.82992
42.89646
44.54401
44.53234
44.52847
44.53745
44.53875
44.54793
44.54655
44.54524
44.54273
44.54148
42.89721
46.9068
46.91082
46.92484
46.92867
46.92369
46.90951
46.91861
46.91484
46.91201
46.90531
46.91347
46.92004
46.91973
46.93732
46.93099
46.92825
46.93
46.91436
46.90773
46.91056
46.90926
46.90274
46.90402
42.89698
46.91049
46.92596
46.92613
46.9211
46.91608
46.91087
46.91106
46.9253
46.90527
46.90046
46.92129
46.92148
46.91627
46.91646
46.91125
46.91146
46.91167
46.90627
46.90649
46.90606
46.9067
44.53698
44.53991
44.55022
44.54355
44.54364
44.54362
44.54366
44.54644
44.54649
44.54639
44.53696
44.53961
44.53967
44.53985
44.35533
48.26409
48.26329
46.91122
46.9126
46.9133
46.91191
46.91531
46.916
46.91671
46.92083
46.92012
46.92353
46.92424
46.89693
46.89534
46.89624
46.90105
46.89604
46.93253
46.92838
46.92497
46.92155
46.91742
46.91401
46.91059
46.90718
46.90306
46.90238
46.93735
46.93393
46.93324
46.9305
46.92911
46.912
46.9113
46.90789
46.90447
46.90516
46.90442
46.9051
46.90579
46.90648
46.90713
46.90782
46.9085
46.90919
46.90988
43.17978
43.14535
44.55196
44.54753
44.54856
44.5554
44.54096
44.53756
44.52982
44.52958
44.52622
44.54575
44.54517
44.54618
44.54715
44.5496
44.55061
44.55163
44.55302
42.83218
42.82859
42.82634
42.827
42.82503
42.82276
42.81722
42.81698
42.91603
44.55282
44.55397
44.54907
44.5182
44.53674
44.53794
44.53564
44.5505
44.54651
44.54527
44.54277
44.55703
44.55112
46.89815
46.89418
46.90429
46.90014
46.90812
46.9119
46.90704
46.90953
46.90837
46.90345
46.91092
46.90588
46.91542
46.91292
46.91027
46.91957
44.53043
44.53556
44.53212
44.54087
44.54676
44.54654
44.54612
44.55241
42.81699
46.90718
46.92464
46.91404
46.91738
46.91787
46.91394
46.90999
46.90807
46.90854
46.90412
46.90461
46.9051
46.90557
46.92109
46.90018
46.91799
46.91358
46.91452
46.89527
46.90067
46.90365
46.93037
46.92986
46.92957
46.92545
46.89618
46.91074
46.91483
46.90802
46.90756
46.90347
46.90392
46.92493
46.92032
46.92443
46.91528
46.92082
43.74574
43.74525
43.74475
43.74165
43.74116
43.74067
43.74214
43.74016
43.73756
43.73707
43.73658
43.73805
43.73608
43.73298
43.7325
43.73201
43.72842
43.72793
44.56005
44.55677
44.53142
44.5549
44.55562
44.55632
44.52813
44.51683
44.54203
44.54461
44.54532
44.54789
44.5486
44.55234
42.33651
42.33605
42.82444
42.84571
43.73627
43.73855
43.73402
43.73971
43.73747
43.7336
43.73132
43.72906
46.92357
46.92615
46.92551
46.92208
46.92145
46.92422
42.33391
42.33718
43.72723
43.73122
43.73451
43.7371
46.91514
46.91321
46.9118
46.91655
46.91584
46.91988
46.91848
46.92115
46.92451
46.92718
46.92987
47.65768
46.92315
46.91237
46.91256
46.917
46.91737
46.91775
46.91795
46.91719
46.92237
46.92256
46.92337
46.92295
46.92904
43.14694
43.1778
42.33651
46.92973
46.92425
46.93074
46.9204
46.91922
46.90255
46.92542
46.92872
46.92171
46.92281
46.91942
46.92058
46.91796
46.92154
46.91671
46.06808
45.18628
45.18303
46.07141
46.91694
46.91359
46.92903
46.9194
46.92273
46.92363
46.92182
46.9209
46.92423
46.92848
46.93419
46.93089
46.92756
46.90906
46.92606
46.92515
46.92996
46.93327
46.93398
46.93305
47.98621
46.92039
46.92694
46.92697
43.14603
43.14656
48.26039
46.9336
46.92739
46.92855
46.93073
46.92965
46.92336
46.92219
46.92097
46.925
46.92621
46.9347
47.98643
47.98764
42.21265
45.1879
46.09024
46.08839
46.92795
46.92654
46.9301
46.9359
46.9291
46.937
48.54277
43.59542
43.58897
43.59389
43.59378
43.59533
48.25742
48.26073
46.92656
46.93571
46.93131
46.93768
46.93671
46.93191
46.93028
46.92454
46.92351
46.9269
46.93094
46.92556
46.93527
46.9343
43.59652
43.59502
43.59058
43.14555
43.59506
43.59356
43.59063
43.58913
45.19115
45.187
42.89439
42.89688
42.88526
42.88859
46.93508
46.93015
46.9349
46.92968
46.93284
46.93041
46.93205
46.9277
46.93248
46.92533
45.19331
45.19107
45.18948
46.93116
46.931
46.9317
46.92647
46.9319
46.93134
46.92627
46.92608
46.93648
46.93151
48.26174
48.26184
47.23233
47.22897
48.2631
48.25819
48.26644
48.25897
48.26564
47.23335
47.22998
45.18306
44.55792
44.55919
45.18648
43.17978
43.14737
42.89612
42.88391
47.23132
47.23037
47.22795
47.16562
47.16579
47.16038
47.16544
47.22791
47.15985
47.1602
47.16002
47.9733
47.9698
47.96354
47.9678
47.96704
47.97055
47.97131
47.97406
47.97484
47.97561
45.19508
45.18775
45.71133
45.18843
45.19175
45.19576
45.18444
45.19244
47.16105
47.15921
47.15774
47.16509
47.16179
47.16252
47.15847
47.23038
43.17943
43.14559
47.97122
47.96645
47.96927
47.97815
47.97574
47.96854
47.96557
47.97311
45.18893
45.19676
45.18967
47.15548
47.16054
47.15711
47.1622
47.15891
47.97121
47.97588
47.97636
47.97887
47.96811
45.19138
45.19576
45.18749
45.19528
47.97301
47.97688
47.97443
47.97506
47.97114
47.96723
47.96788
47.97178
47.97243
47.97633
47.97569
47.97729
47.97342
47.15965
47.15473
47.15872
47.15918
47.97555
47.97501
47.98455
47.98521
47.98334
47.98191
47.98239
47.98285
47.97877
47.974
47.97448
47.98101
47.98143
47.16208
47.15894
45.1815
45.18197
45.18581
45.19407
45.198
47.9745
47.97788
47.97837
47.97057
47.97545
47.97486
47.97694
47.97739
47.9765
47.98129
47.98174
47.98327
47.98278
47.98226
47.97935
47.97857
47.96093
47.96521
47.98477
47.96575
47.96949
47.97002
44.35917
47.9743
47.97377
47.98518
47.97017
47.97501
47.97884
47.97404
43.14771
43.17819
47.97057
47.9801
47.98167
47.97645
47.97834
47.97662
47.97231
47.97437
47.97077
47.97812
47.97369
47.97212
47.97038
47.98732
47.96607
47.96445
47.98499
47.98256
47.97838
47.97643
47.9742
47.96774
47.96933
47.97657
47.97803
47.97515
47.97535
47.9768
47.9783
47.97389
45.24627
47.98528
47.96136
47.98549
47.9747
47.96873
47.97276
47.97923
47.98475
47.97708
47.98333
47.98931
47.98
47.97608
47.9654
47.96943
45.19423
45.18363
45.18033
45.181
45.17702
45.17768
45.19557
45.19756
45.19159
45.1876
47.97886
47.97902
47.98433
47.98449
47.98468
47.98981
47.99
47.99532
47.98426
47.98441
47.959
47.95876
47.98459
47.9896
47.99364
47.99342
47.99497
47.96443
47.96985
47.97544
47.97566
47.98976
47.99511
47.99527
47.98947
47.98778
47.99514
47.99342
47.99316
47.99498
47.98774
47.98965
48.00047
48.00074
48.00059
48.00046
48.00079
48.00063
48.00098
45.17952
45.17979
45.18005
45.19505
45.19528
43.14579
44.09241
44.09218
44.09722
48.00291
48.00047
47.99847
47.96304
47.96958
47.97224
47.97623
47.97435
47.95834
47.99624
47.96481
47.9732
47.98964
47.99582
47.95786
47.9808
47.95319
47.97973
47.99401
47.98752
44.09258
44.09399
44.50725
44.50596
42.97433
44.50657
45.02942
45.03084
45.19012
44.49947
44.50286
45.94383
45.19782
47.97072
47.96073
45.24941
47.95309
47.95211
45.24046
45.24364
45.24124
45.24615
45.25019
47.95642
44.91943
44.91585
45.07046
45.06692
47.9991
48.00047
48.00382
48.00141
48.00474
48.0014
48.0001
47.99677
47.99243
47.99343
47.99576
47.99777
47.99806
47.98429
47.9428
47.97633
47.97644
47.9697
47.94132
47.96296
47.94954
47.94958
47.99646
47.94945
47.97639
47.95632
47.95628
45.58848
45.03339
45.03343
45.03117
48.00495
48.00448
48.00441
48.00286
48.00315
48.00321
48.00454
48.00283
47.99833
48.0051
48.00372
48.00654
48.00642
48.00456
48.00286
47.99918
48.26746
48.0075
48.00887
48.00599
48.00508
48.00225
48.0007
48.00128
47.99848
47.9999
48.2606
48.265
47.99553
47.95463
47.95838
47.96004
47.96378
47.95091
47.94716
47.94344
47.94632
47.9449
47.94115
47.97506
47.9789
47.99083
47.99181
47.9525
47.99326
47.99467
47.94919
47.99704
47.95391
47.97599
47.97434
47.97056
47.96902
47.96678
47.96531
47.95629
47.96297
47.96154
47.95772
47.95011
47.94869
47.97805
47.97977
47.97749
47.98062
45.07826
45.07595
45.03416
45.03178
45.03955
45.06972
45.03025
42.77777
42.77259
42.74901
42.76738
42.77156
42.74521
42.76357
42.7414
42.73998
42.75837
42.73759
42.75456
42.75876
42.75494
42.75074
42.74693
42.74834
42.74974
42.74453
45.07739
45.07607
46.52866
45.08164
45.1871
45.18847
46.29176
48.00814
48.00965
48.00466
48.00254
47.99876
47.98072
47.97919
47.95537
47.95148
47.9445
44.5095
44.49568
44.48885
44.51639
44.49578
44.50951
44.51638
44.51634
44.51628
42.73825
42.74549
42.75282
42.73737
42.73751
42.70142
42.70152
42.70875
42.70884
42.71618
42.7235
42.72341
42.72271
42.72257
42.7519
42.75202
42.73816
47.94304
47.94963
47.95622
47.96284
47.97606
47.98265
47.99371
47.99581
47.98264
47.97602
48.00724
48.00698
48.00704
47.66222
48.0024
48.00241
48.00898
48.00899
48.00034
48.00043
48.00701
48.00692
48.00696
48.26381
48.26983
48.26989
45.06638
45.06727
45.06905
45.06995
45.08234
45.0697
45.07059
45.04642
45.07149
45.07635
45.07238
45.07327
45.07302
45.07392
45.0757
45.0766
45.07902
45.08081
45.0496
45.07967
45.03027
45.03016
45.04537
45.04155
45.04869
45.08323
45.07724
45.08056
45.04886
45.04975
45.05064
45.05219
45.05308
45.05397
45.05486
45.05819
45.07992
45.04398
45.05552
45.05641
45.05729
45.06419
45.05884
45.08412
45.05973
45.06062
45.0633
45.06217
45.06306
45.05202
45.04065
45.04731
45.06395
45.06572
45.06662
48.00717
48.00982
48.00953
48.00623
48.00295
48.00476
48.01046
48.00387
48.01136
48.01225
48.00806
48.01312
48.00202
47.99875
48.00234
47.99966
48.01282
48.01376
48.01641
48.01466
48.01554
48.26632
48.26711
48.26305
45.26184
45.26549
48.00726
48.00959
48.01147
48.01053
48.26957
48.27283
48.27203
48.0107
48.014
48.00631
48.01187
48.00858
47.66375
47.66049
47.65971
48.00895
47.94483
47.94578
47.94907
45.25821
47.94716
47.94811
47.95236
47.95331
47.98661
47.98617
47.98524
47.9843
47.98334
47.98238
47.98286
47.978
47.98043
47.98195
47.98102
47.99126
47.99547
47.99456
47.98007
47.97911
47.97679
47.97955
47.97865
47.97773
47.97583
47.96834
47.96506
47.96596
47.96176
47.99783
47.93339
47.93434
47.93526
47.93402
47.93498
47.93593
47.93636
47.93731
47.93827
47.93922
47.94343
45.49067
47.93871
47.93965
47.9406
47.94155
47.94249
47.94672
45.25235
47.9796
47.97866
47.98145
47.97818
47.97726
47.97635
47.97541
47.9749
47.9899
47.99064
47.94522
47.94433
47.94104
47.94014
47.93864
47.93774
47.93685
47.93953
47.93706
47.93617
47.93885
47.93796
47.93287
47.93376
47.98989
47.99084
47.98946
47.98852
47.98757
47.9514
47.95377
47.9547
47.95565
47.9566
47.9552
47.95614
47.95896
47.9599
47.95709
47.95803
47.95759
47.95852
47.96135
47.9632
47.95665
47.95947
47.96042
47.96413
47.95996
47.96092
47.95806
47.96185
47.96279
47.96373
47.96136
47.96231
47.98286
47.98566
47.98053
47.96326
47.96422
47.96515
47.96607
47.96655
45.07546
45.17516
45.07214
45.07124
45.06881
45.06792
45.20003
45.1795
45.18749
45.18931
45.18569
45.06702
45.06549
45.0646
45.18854
45.06127
45.05795
45.05463
45.17771
45.17624
45.17841
42.48931
42.68142
42.55983
42.5577
42.67567
42.53218
42.52613
42.52217
42.68244
42.67938
42.49039
42.48751
42.48644
42.48536
42.48427
42.67836
42.67733
42.67855
42.48461
42.48822
42.49254
42.49147
42.6804
42.67631
42.47923
45.07286
45.06758
45.06318
45.06464
45.0661
45.06334
45.06479
45.06621
45.06766
45.05807
45.06542
45.0595
45.04897
45.0505
45.04219
45.25917
45.25314
47.96638
47.93974
47.93531
47.93776
47.97879
47.98245
47.98067
47.9744
47.97638
47.9781
47.97588
47.97783
47.97955
47.99159
47.99611
47.98927
47.98639
47.96501
47.99799
47.988
47.97998
47.93509
47.98176
47.98336
47.93079
47.99084
47.98632
47.98803
47.98962
47.98166
47.99364
47.93315
47.93687
47.95747
47.99099
47.95963
47.95559
48.01593
48.0088
48.01006
48.01357
48.01447
48.01182
48.00518
48.0147
48.00701
48.00055
48.00858
48.00327
48.01411
47.66387
48.01324
48.01829
48.01858
48.01844
48.01337
48.00882
47.99871
48.01352
47.9985
48.01367
47.99893
47.9983
47.9641
47.96925
47.96702
47.97237
47.96719
47.93679
47.93747
47.93195
47.93694
47.96391
47.9931
47.98284
47.98821
47.97396
47.93239
47.97461
47.97942
47.97812
47.97855
47.97793
47.97832
47.98021
47.98043
47.98066
47.97482
47.97546
47.97501
47.97522
47.96686
47.98794
47.97965
47.93215
47.97167
47.97774
47.96168
47.99274
47.95942
47.95922
47.95878
47.96512
47.9649
47.93178
47.99242
47.93162
47.93146
47.93727
47.9371
47.96373
47.96535
47.9647
47.98847
47.98773
47.98755
47.96451
47.99258
47.96432
47.96255
47.96239
47.96186
47.99356
47.99332
47.99291
47.96275
47.9826
47.96222
47.94331
47.93771
47.98311
47.96811
48.27083
48.25712
48.27209
48.2774
48.27703
48.27112
48.27637
48.27573
48.27178
48.27242
48.27604
48.26657
48.27144
48.26688
47.92851
47.92921
47.92993
47.9333
47.99478
47.99608
47.99678
47.97524
47.99749
47.96373
45.25235
47.93742
47.93555
47.9348
47.93404
47.93217
47.93142
47.93067
47.9288
47.92805
47.9273
47.92393
47.92318
45.25154
45.25317
45.25074
45.24828
45.25405
45.25485
45.25807
47.96944
47.97016
47.97089
47.96928
47.96999
47.97071
47.97142
47.97213
47.97284
47.97355
47.97429
47.97269
47.9734
47.97412
47.97484
47.97555
47.97625
47.97696
47.97769
47.98038
47.97897
47.98109
47.98181
47.98521
47.98861
47.992
47.99538
45.25888
45.25566
47.96593
47.96932
47.96823
47.97161
47.97712
47.97841
47.9791
47.97979
47.9805
47.98122
47.98196
47.9825
47.98388
47.9846
47.98532
47.98318
47.98728
47.98798
47.9859
47.98659
47.9887
45.26059
45.25893
45.25812
45.25159
47.9893
47.96066
47.98999
45.25239
47.99068
47.99138
47.9921
47.99551
47.99269
47.99339
47.99408
45.25732
45.25651
47.92582
47.92654
47.9982
47.93189
47.93259
45.254
45.25481
45.25562
47.98272
47.99282
47.99694
47.99623
45.2532
47.93597
45.24909
47.94205
47.94135
47.94954
47.957
47.96038
47.96108
47.963
47.96447
47.96518
47.96421
47.96493
47.9671
47.96565
47.96637
47.96783
47.96857
47.96463
47.96534
47.96606
47.96678
47.9675
47.96448
47.96518
47.96589
47.9666
47.96731
47.96802
47.96873
47.96788
47.96858
45.25646
45.25727
45.25973
45.26053
45.17577
45.17724
45.17754
45.17903
45.17503
45.18124
45.18774
45.18848
45.19099
48.02283
48.27623
48.27248
48.27711
48.27337
48.26965
48.26596
48.26227
48.25858
47.66562
47.66197
45.26874
45.26794
45.26547
45.26466
45.26386
45.26707
45.26627
45.2646
45.263
45.2622
45.26139
45.2638
45.26134
48.00143
48.03823
48.03895
48.04161
48.04234
48.0443
48.04211
48.00911
48.01251
48.01321
48.01392
48.01662
48.01732
48.03698
48.03627
48.03429
48.03358
48.03087
48.03019
48.02949
48.02878
48.02737
48.03157
48.02816
48.02747
48.02678
48.02608
48.02537
48.02467
48.02396
48.02477
48.02408
48.02338
48.02268
48.02197
48.02126
48.02069
48.02
48.01929
48.01858
48.01788
48.0173
48.01661
48.01521
48.01591
48.01392
48.01323
48.01252
48.01183
48.00968
48.00896
48.01053
48.00984
48.00914
48.00843
48.00699
48.00626
48.00553
48.00714
48.00645
48.00574
48.00502
48.00431
48.00358
48.00286
48.00214
48.00305
48.00234
48.00161
48.0009
48.00019
47.99876
47.99947
47.99964
47.99892
48.02002
48.02073
48.02343
48.02413
48.02683
48.02753
48.02547
48.02361
48.02208
48.02137
48.02023
48.01944
48.01799
48.021
48.0187
48.01761
48.01684
48.01606
48.01531
48.0146
48.01193
48.01122
48.01345
48.00784
48.0093
48.00375
48.00517
48.00446
48.00107
48.00035
48.00482
48.00411
48.0034
48.00072
48.00002
44.75353
44.75024
44.6255
45.05294
45.06251
45.0677
45.04886
45.06701
45.06631
45.06562
45.05914
45.06839
45.06908
45.06901
45.06432
45.06501
45.07039
45.07108
45.07177
45.06363
45.07308
45.06321
45.07446
45.06294
45.0604
45.04423
45.0476
45.05027
45.04983
45.07646
45.05773
45.07914
45.06111
45.06181
45.06224
45.06589
45.08122
45.08191
45.05843
45.06519
45.06448
45.06307
45.06378
45.06569
47.97609
47.97069
47.96471
47.98119
47.97678
47.96426
47.97105
47.99478
47.99
47.97395
47.99569
47.99036
48.01447
48.02081
48.02105
48.02584
48.03095
48.03613
47.99858
48.00239
47.99966
48.00345
48.00753
48.01321
48.02089
48.01984
48.02504
48.02491
48.03523
48.02572
48.02678
48.01394
48.0169
48.01918
48.02018
48.02388
48.02621
48.01644
48.01406
48.26545
48.00318
48.00113
48.27545
48.26693
48.00558
48.02345
47.99921
48.00032
48.00411
48.00893
48.00233
48.00602
48.27696
48.04177
48.27841
48.01478
48.02161
48.01434
48.04147
48.26854
48.26976
48.01878
48.27158
48.27299
48.27436
48.27638
48.27002
48.27143
48.27346
48.02207
48.04236
48.04404
48.0341
48.03875
48.04046
48.03558
48.03714
48.02582
48.02302
48.02229
48.02375
48.01938
48.02406
48.01567
47.91942
47.9268
47.91686
47.91475
47.92491
42.3216
47.5783
47.57728
47.92722
47.92772
47.92298
47.92346
47.91875
47.91921
47.93441
47.93484
47.92595
47.92255
47.91793
47.91833
47.91411
47.91369
48.03625
48.00144
48.04155
48.02489
48.01713
48.02528
48.02608
48.02024
48.02063
48.02139
48.04254
48.04202
48.02184
48.02102
48.01028
48.01451
48.01637
48.0208
48.02027
48.03142
48.01675
48.03677
47.9687
47.97335
48.67747
48.6799
48.67909
48.67827
48.68387
48.6759
48.67667
48.6871
48.67509
48.67266
48.67191
48.6823
48.68309
48.68149
43.1472
43.17722
48.27215
48.25772
48.27125
48.25596
48.26105
48.27382
48.2729
45.25764
45.25565
45.24688
45.26068
45.2506
45.25698
45.25632
45.27824
45.27242
45.26438
45.28122
45.27313
45.27683
45.26204
45.27613
45.27753
45.27083
45.27454
45.27523
45.26136
45.26643
45.26679
45.26806
45.26873
45.26943
45.27176
45.27013
45.27113
45.27049
45.27383
45.26574
45.2169
45.2784
45.28092
45.26409
45.26647
45.2948
45.26362
45.27078
45.26796
45.27182
45.27228
45.27406
45.27615
45.27703
45.27747
45.28135
45.27793
45.2766
45.26023
45.25924
43.14717
43.14714
45.25974
42.87172
42.87124
45.05204
48.6857
43.14591
44.95418
44.94836
44.94878
44.94457
44.93959
44.94502
44.9441
44.94908
44.95
44.94955
44.94919
44.94337
44.94421
44.94379
44.95377
45.18154
45.18484
45.18815
45.19144
45.17825
45.1767
43.14709
43.17799
42.73524
45.18087
45.19067
43.14735
45.17397
45.1809
45.18843
45.1843
45.17744
46.33572
46.32729
46.08175
46.32983
46.33224
46.18912
46.07574
45.18988
45.19046
45.18624
45.18683
46.19207
45.18204
45.18263
46.19276
46.36726
46.36828
46.36893
46.37292
46.37226
45.26602
45.19158
45.18331
43.1468
44.54121
45.18677
45.1828
45.17403
45.17331
45.17801
46.36573
46.36504
46.36839
46.36238
46.37421
45.18091
45.18188
45.18508
43.38726
43.39032
45.17325
45.18411
43.14748
43.14572
45.18794
45.1837
45.19434
45.18699
45.18469
45.17093
45.17407
45.18312
43.14473
43.14633
45.18409
45.18664
45.17498
45.17245
45.16908
45.17588
45.18615
45.18677
45.19157
45.19173
45.18647
45.19127
45.17287
45.19189
45.18661
45.18945
45.1698
45.16908
45.17456
45.17568
45.18286
45.18616
45.1869
45.1887
45.19019
45.192
45.19273
45.19347
45.1953
45.19862
45.19925
45.19853
43.17942
43.14531
43.14858
46.21642
46.20888
46.21087
46.06469
46.21445
46.10202
46.39672
46.37809
46.21395
46.21796
46.21596
46.39908
46.40103
46.39548
45.07352
45.07166
45.19281
45.19228
45.17159
45.17197
45.16876
45.16836
45.16764
45.17308
45.1727
45.18838
45.19799
45.18446
46.22978
46.23228
46.22734
46.23208
46.23163
46.23637
46.23591
46.23026
46.23546
46.26844
46.27271
47.95824
45.1713
45.18952
45.19008
45.1972
45.19333
45.18563
43.14548
43.17909
44.28269
44.28035
44.28472
44.28401
44.28728
44.29128
45.19033
46.26817
46.26467
46.26117
45.20285
45.20219
45.19757
46.06564
45.19952
45.1982
45.19886
45.19554
45.19489
45.18968
45.19095
45.18635
45.18701
45.18758
45.17829
45.17237
45.17366
45.1743
45.17495
45.1697
45.17161
45.17225
45.1689
46.11849
47.95668
46.1115
47.66135
48.25627
47.95748
43.14681
43.14654
44.29789
44.29771
44.29322
44.29306
44.29272
44.29256
44.29239
44.29222
44.29289
44.29206
44.28775
44.28758
44.28741
44.28724
44.28792
44.28707
44.28264
44.28246
44.28228
44.2821
44.27697
44.27678
44.27734
44.27715
44.28282
44.283
44.27753
48.25568
48.26972
48.25969
48.26067
45.193
45.19201
45.19399
45.19975
45.19889
45.19198
44.2929
44.29141
44.28983
44.28821
44.28337
44.27985
44.27847
45.06427
44.28831
44.28735
44.29179
44.29082
44.28986
44.2889
44.28792
44.29526
44.2943
44.29334
44.29142
44.29044
44.29778
44.29586
44.29392
44.27746
44.28192
44.28094
44.27993
44.27893
44.28541
44.28443
44.28243
44.2839
46.41539
46.41298
46.41867
46.28152
46.27826
46.41786
45.17263
45.17598
46.2669
46.26772
45.17409
45.17222
45.1957
45.20245
46.27419
46.27499
46.27091
46.27253
46.27333
46.41459
46.41379
46.27006
46.26926
46.26844
46.26764
46.27172
47.95701
46.55478
46.55314
46.55232
46.55396
46.55123
46.55042
44.28469
44.28466
44.27804
44.27801
44.27798
44.27132
44.27794
44.27129
44.27126
44.28755
44.28502
44.2836
44.28104
44.27963
44.27822
44.27423
44.27566
44.27682
44.27545
44.27281
44.27143
44.27289
44.2771
44.28431
44.27108
44.27407
45.29428
44.54035
44.52711
44.29517
44.28856
44.28517
44.28411
44.28283
44.28178
44.27942
44.27838
44.27733
44.27627
44.27393
44.27706
44.27603
44.27499
44.27287
44.26948
44.28013
44.27522
44.27181
44.27077
44.26973
43.14515
44.27584
44.2748
44.2769
44.2767
44.27391
44.2728
44.27169
45.29477
44.27705
44.28089
44.28143
44.27242
45.1666
45.17156
44.29831
44.29762
44.29609
44.29554
44.29209
44.28947
44.28878
44.28686
44.28616
44.28547
44.28424
44.28355
44.28286
44.28025
44.27956
44.27885
44.27816
44.27694
44.27555
44.27904
44.27834
44.27765
44.27625
44.27486
44.27294
44.27225
44.27155
44.26894
44.26963
44.29362
44.27747
44.27416
44.27346
44.27277
44.27206
44.27086
44.27016
44.26946
45.06487
42.06009
43.14685
43.17934
44.52898
44.52486
44.29974
44.27224
44.27044
44.2766
44.27468
44.27097
44.27535
44.2734
44.27946
44.52562
45.29377
44.28648
44.29297
44.29922
44.27072
44.27019
44.26967
44.27427
44.27374
44.27479
44.27834
44.27732
44.27683
44.29248
44.292
44.29657
44.27224
44.27124
44.27174
44.27631
44.27581
44.27531
44.52717
47.95673
45.29555
44.30096
44.29894
44.29709
44.29648
44.29504
44.29261
44.30029
44.29964
44.29832
44.29578
44.29441
44.2919
44.29055
44.28992
44.28867
44.28804
44.2848
44.28416
44.28158
44.28093
44.28029
44.27771
44.27706
44.27641
44.27383
44.27318
44.27254
44.27191
44.2693
44.26867
44.26803
44.2648
44.26415
44.29568
44.29635
44.29509
44.2958
44.2919
44.29121
44.29514
44.29127
44.27447
44.27513
44.27381
44.26996
44.27127
45.19912
45.16472
43.17207
43.14753
44.29078
44.27465
44.27129
44.27299
44.29427
44.29255
45.19808
45.19821
42.05362
42.49796
42.50123
44.52924
45.19775
45.20121
44.28796
44.29203
44.29541
44.29471
44.29192
44.29878
44.29808
44.29739
44.29598
44.30146
44.26045
44.26313
44.26383
44.26721
44.2665
44.27059
44.26917
44.27108
44.27039
44.2697
44.2724
44.27172
44.27509
44.27779
44.28459
44.28389
44.27982
44.29124
44.29056
44.29461
44.29393
44.25779
44.27071
44.27002
44.27408
44.2713
44.27312
44.27177
44.27718
44.2765
44.27582
44.27514
45.06574
43.14733
45.2935
44.53031
44.52611
44.52663
44.2539
44.2535
44.30379
44.30338
44.29926
44.29887
44.29848
44.29509
44.2902
44.28865
44.28413
44.28374
44.27922
44.27512
44.2702
44.26978
44.26448
44.26408
44.29554
44.29062
44.29107
44.28826
44.2776
44.27801
44.27311
44.27269
44.27227
44.25878
44.25838
44.54086
44.25588
44.25394
44.29656
44.27045
44.29324
44.2779
44.2578
46.29359
46.27365
46.29686
44.25547
44.29718
44.30303
44.30219
44.3005
44.30552
44.26046
44.2638
44.26628
44.26878
44.27211
44.27126
44.27039
44.27458
44.27372
44.28047
44.26952
44.27198
44.28959
44.29292
44.25882
44.25797
44.26131
44.26891
44.27225
44.27647
44.27559
44.2798
44.27893
44.27806
44.2772
44.27634
44.28226
46.12341
46.59441
47.9581
45.29438
45.29489
45.29469
43.17896
44.52507
44.25395
44.25386
44.25574
44.30373
44.30362
44.27312
44.27301
44.26691
44.2668
44.2667
44.26032
44.26023
44.26884
44.26871
44.26859
44.26216
44.2919
44.27322
44.26701
44.26898
44.26912
44.27863
44.27853
44.26014
44.2804
44.26204
45.29595
48.2641
48.25939
48.25885
44.54053
45.29474
44.25659
44.25403
44.25649
44.25389
44.30373
44.27403
44.27235
44.26977
44.26809
44.26631
44.2645
44.26021
44.26003
44.2714
44.273
44.26712
44.2668
44.27966
44.27539
44.2584
44.25826
43.14512
44.9482
44.95054
44.94703
44.95171
45.20578
44.56219
44.25286
44.25682
44.25584
44.29875
44.30269
44.30367
44.30173
44.30564
44.26572
44.26966
44.26868
44.2677
44.27258
44.27159
44.27058
44.27646
44.27547
44.26957
44.27446
44.27345
44.29131
44.28931
44.29419
44.29316
44.26079
44.27925
44.27829
45.29638
46.59097
47.95676
48.66164
46.85845
46.85316
46.85445
46.86246
46.86118
48.66068
46.86518
44.33291
45.16154
45.16146
45.16108
44.32787
44.335
44.26735
44.27264
44.27269
44.29363
44.29367
46.85798
46.85791
46.86432
46.86424
45.29104
45.29107
45.2855
45.29109
45.29901
45.29902
45.29225
45.29226
45.29228
45.20772
48.65955
48.65861
48.26125
48.26533
46.85492
46.8558
46.85819
46.86322
46.86234
46.85907
46.86561
48.258
45.28739
46.8665
45.29106
45.28992
45.29954
46.86145
45.29848
45.29471
45.29584
48.65586
44.33191
45.20625
45.16339
45.16727
45.16307
44.94827
44.94927
43.14714
44.95311
43.18087
44.25661
44.25301
44.2543
44.30401
44.30271
44.29913
44.29557
44.29736
44.29384
44.2827
44.27813
44.27686
44.27331
44.27204
44.27074
44.27496
44.27246
44.26891
44.2714
44.27016
44.26783
44.2666
44.26533
44.26404
44.26276
44.25918
44.29509
44.29274
44.29027
44.28921
44.2794
44.27581
44.27456
44.28101
44.2774
44.27618
44.27261
44.27383
44.26905
44.28101
44.27974
44.27875
44.27745
44.27616
44.2749
44.27571
44.2615
44.2602
44.2579
45.06577
45.28901
45.29512
45.2901
45.29902
45.20381
45.2077
44.52516
44.52745
44.56684
44.25652
44.25559
44.25643
44.25549
44.28625
44.29027
44.29851
44.29765
44.2968
44.29004
44.2958
44.30431
44.29666
44.30646
44.30558
44.26529
44.26656
44.26746
44.26565
44.26952
44.2714
44.27048
44.26855
44.27522
44.27427
44.26758
44.2733
44.27232
44.27807
44.27905
44.27708
44.27609
44.28309
44.28205
44.2949
44.29292
44.29193
44.29095
44.29391
44.28999
44.26138
44.28117
44.28023
44.27841
44.28218
44.27931
44.27751
44.28318
44.28231
47.973
47.9755
46.86699
46.86583
46.86101
47.97689
46.8718
46.86211
46.8701
46.87129
46.86161
46.87239
46.86533
46.8706
47.97705
46.86647
46.87292
46.27371
46.26866
46.27275
45.16366
45.16359
45.16351
46.69121
46.27959
45.1697
46.68462
45.1698
46.68462
45.1695
46.69779
46.67804
46.67804
46.68056
46.68059
45.16932
44.52606
46.70436
45.1799
45.20946
45.20934
46.6912
46.69778
46.6912
46.69778
45.16693
44.52602
45.16683
45.16705
45.16673
44.51943
45.16664
45.17703
44.55926
45.29773
46.31319
46.31311
45.29776
46.15947
45.29766
44.25515
44.25492
44.29882
44.30502
44.30207
44.26027
44.25979
44.26004
44.25935
44.25956
44.26589
44.2654
44.26495
44.26565
44.26517
44.27079
44.27152
44.27126
44.27101
44.2762
44.26474
44.27037
44.27599
44.27578
44.28688
44.2871
44.29292
44.29271
44.29251
44.2923
44.2605
44.26075
44.26663
44.26638
44.26613
44.27202
44.27178
44.27788
44.28329
47.96511
47.97352
47.97351
47.96517
48.26137
47.97145
47.9715
47.9714
46.86996
46.87018
47.97296
47.66401
48.00329
47.66333
47.66055
48.25631
48.25713
48.26063
48.27109
46.86499
46.86843
47.96025
47.96541
47.96628
47.96267
47.96352
47.96439
47.96783
47.96868
47.96954
47.9668
47.96766
47.96939
47.9692
47.9718
47.97267
47.97353
47.98192
47.97865
47.97779
47.97623
47.97537
47.97452
47.97039
47.95471
46.67829
46.68492
46.68581
46.68823
46.69003
46.70088
46.68913
46.69336
46.69427
46.69155
46.69247
46.6967
46.69757
44.33118
45.29796
45.28904
45.29707
45.29135
45.29618
45.29464
45.29288
45.29374
45.29559
44.05787
44.06125
45.30042
45.29889
45.28806
44.24426
44.24349
44.2387
44.23544
44.23217
43.17688
43.18031
43.146
48.2613
48.25336
48.25608
48.25774
48.25507
48.25965
48.25437
44.26184
44.28194
44.27997
44.26154
44.27985
44.28557
42.02304
42.02686
45.20408
44.51966
44.5204
44.52479
44.52592
44.52515
44.23576
44.23522
44.23967
44.24019
44.24412
44.24361
44.24309
44.24854
44.24801
44.25291
44.23031
44.23475
44.24258
44.24748
44.24697
44.29704
44.30143
44.30058
44.3045
44.26167
44.28087
44.29365
44.29315
44.29804
48.25722
48.25758
48.25562
47.95572
45.29768
45.30029
45.29692
44.33224
43.18068
44.2517
45.29622
45.29888
45.30091
42.15974
42.16302
44.25214
44.5228
46.45772
44.25109
44.25434
44.25394
44.24945
44.24904
44.25366
44.25323
44.24832
44.23886
44.2339
44.3025
44.30206
44.27874
44.27829
43.17817
45.29939
45.29613
45.29689
45.30091
45.30011
44.09951
45.30133
45.29891
45.30322
43.9746
45.30246
45.29905
45.29973
43.97132
43.96804
44.23297
44.24104
44.2443
44.24354
44.25085
44.25324
44.23395
44.23722
44.24049
44.23973
44.24376
44.24071
44.24704
44.24627
44.24398
44.25196
44.25447
44.29652
44.30056
44.30383
44.30307
44.3008
44.30558
44.25774
44.26678
44.27659
44.27582
44.27909
44.27832
44.2816
44.28816
44.25979
44.26307
44.28344
44.28595
44.52199
44.52452
44.52111
47.78859
47.6673
45.29927
45.29872
44.52153
44.25529
44.25515
44.24942
44.24352
44.25504
44.25488
44.24916
44.24324
44.25068
44.25053
44.25039
44.25025
44.24453
44.24438
44.25061
44.25044
44.25028
44.25012
44.2444
44.24423
44.23849
44.23882
44.23865
44.23832
44.31308
44.31292
44.30733
44.30717
44.30159
44.30143
44.30127
44.2957
44.28419
44.25642
44.25658
44.25627
44.25652
44.25634
44.28009
44.27993
44.27418
44.27402
44.27418
44.27399
44.28404
44.26677
44.26102
44.26653
44.26077
43.17886
43.14479
45.29962
45.30409
45.30291
45.29827
44.25455
44.24982
44.24744
44.24052
44.23815
44.24112
44.23891
44.31563
44.31313
44.31098
44.30639
44.30428
44.29961
44.25668
44.27652
44.26128
44.51759
44.52261
45.17236
44.51872
44.52412
45.16586
44.52155
44.24947
44.24827
44.25317
44.25198
44.25685
44.25568
44.23123
44.23492
44.23614
44.23982
44.23862
44.2435
44.24109
44.2472
44.24479
44.25092
44.24972
44.25222
44.28735
44.28617
44.29101
44.29467
44.30325
44.30692
44.30571
44.31058
44.30938
44.31425
44.31304
44.30699
44.30577
44.30457
44.31066
44.30944
44.30823
44.31433
44.3131
44.25591
44.25959
44.27035
44.28501
44.27663
44.28033
44.27906
44.28534
44.25937
44.26054
44.2666
44.26538
44.26307
44.26422
44.26788
44.2837
44.28252
44.29222
44.30083
44.29957
45.29905
45.29813
43.87423
43.87274
45.30169
45.30053
43.87103
43.87641
45.30079
44.52352
44.52114
43.87513
43.87308
44.25381
44.25389
44.24676
44.25143
44.25148
44.25341
44.23929
44.23938
44.23697
44.23703
44.22989
44.22997
44.31067
44.31074
44.30361
44.30368
44.28942
44.25827
44.30376
44.29663
44.28951
44.28231
44.28238
44.26814
44.26822
44.26102
44.26095
44.26109
44.30128
44.29416
44.28704
44.27992
44.26568
44.26572
44.25856
44.2586
45.30042
45.30025
45.30274
45.30267
45.30254
45.30247
45.30056
45.30066
45.30016
48.26133
48.26556
48.26463
43.17742
43.14558
44.5199
44.52135
44.52428
44.5201
44.52552
44.52573
45.20921
44.51863
43.87029
43.87399
45.29807
43.87163
43.87176
43.86806
45.29947
45.29981
45.30098
45.30212
45.30489
45.30338
45.29683
44.2553
44.24985
44.25149
44.24605
44.24231
44.25209
44.25048
44.24882
44.24498
44.24281
44.24119
44.23957
44.23419
44.23738
44.23577
44.23267
44.23196
44.23041
44.31511
44.31297
44.31133
44.30973
44.30755
44.30921
44.30594
44.30054
44.30378
44.31398
44.3124
44.31086
44.30861
44.31021
44.30705
44.30484
44.30325
44.29788
44.29406
44.29027
44.28652
44.26126
44.25971
44.25592
44.28099
44.27715
44.27563
44.26657
44.30436
44.299
44.30553
44.3017
44.28872
44.28494
44.28342
44.28118
44.26665
44.26827
44.26286
44.26453
44.25908
44.26077
44.24314
44.2491
44.25364
44.25256
44.25709
44.25554
44.2616
44.26006
44.27784
44.28251
44.25965
44.25817
44.26415
44.26272
44.26722
44.31089
44.26315
44.27939
45.30107
45.29886
45.30485
45.3027
45.30431
45.30094
45.30307
45.30061
44.24721
44.24737
44.24704
44.24651
44.25236
44.30748
44.30784
44.2584
44.2702
44.2761
44.28212
44.28811
44.26556
44.52433
44.528
45.30058
45.29971
45.29976
45.29984
45.30056
46.49509
46.50223
46.49695
46.49517
48.26286
48.25952
48.25616
44.2545
44.25538
44.25119
44.25031
44.25207
44.24701
44.24876
44.24788
44.24458
44.24546
44.24371
44.24129
44.2323
44.25251
44.25164
44.25076
44.24987
44.24833
44.24745
44.24656
44.24501
44.24414
44.24326
44.24237
44.23996
44.23908
44.24083
44.23577
44.2349
44.23402
44.23316
44.22986
44.229
44.31237
44.31149
44.31099
44.30769
44.30856
44.30526
44.30439
44.30179
44.29517
44.29187
44.28857
44.2877
44.28528
44.27144
44.26792
44.26328
44.25998
44.25581
44.28828
44.28497
44.2841
44.28078
44.28165
44.27661
44.27747
44.27575
44.2683
44.30093
44.29762
44.291
44.28615
44.2844
44.28354
44.28111
44.26946
44.26705
44.26617
44.26529
44.26441
44.2611
44.26376
44.26287
44.26198
44.25868
44.2578
43.14687
43.17931
45.2048
46.69364
45.16668
45.20306
45.20813
45.20726
44.5647
44.52492
44.52024
44.51662
45.30358
45.28304
45.29445
45.29334
45.29673
45.29784
45.29906
45.30014
45.30125
45.30468
46.48613
46.37076
46.36737
44.30498
44.31052
45.28117
45.2938
45.30434
45.28308
45.29982
45.30531
45.02896
45.03018
46.34597
46.39841
46.39735
46.34793
46.40306
46.401
46.39636
45.20595
45.20739
44.56793
45.16736
45.16874
45.16993
45.20382
44.51899
44.51912
44.56814
44.5625
44.56234
44.42972
44.41969
44.42494
44.42397
44.42922
44.42875
44.42827
44.42783
44.42739
44.43499
44.4345
44.43303
44.434
44.43258
44.43168
44.43733
44.43597
44.4393
44.4388
44.43689
44.43643
44.43551
44.44164
44.44364
44.4421
44.44119
44.44073
44.44746
44.44644
44.4482
44.44727
44.24482
44.24428
44.24901
44.25374
44.29646
44.30185
44.30717
44.25851
44.258
44.26328
44.26259
44.26277
44.26705
44.27612
44.28086
44.28554
44.28505
44.26212
44.26645
44.27124
44.27602
44.27555
44.28031
44.28545
44.285
46.2073
46.20751
46.27155
46.27474
46.27453
46.56665
48.00557
48.03475
44.52069
45.17138
45.17191
44.56501
44.56424
44.51667
45.20411
45.20749
44.51917
44.51993
44.52395
45.29173
45.28193
45.28118
45.27866
45.29501
45.2794
45.29829
46.49536
45.30156
45.30231
46.48708
45.28267
45.28444
45.28519
44.25722
44.25657
44.25591
44.25249
44.24908
44.24632
44.24566
44.24289
44.24223
44.23395
44.25499
44.25158
44.25092
44.25026
44.24685
44.24751
44.2441
44.24344
44.24278
44.24475
44.24212
44.23936
44.24002
44.22985
44.31189
44.31123
44.3111
44.31045
44.30979
44.30913
44.30847
44.3078
44.30703
44.30769
44.30637
44.30571
44.30504
44.30294
44.29962
44.29346
44.29279
44.29003
44.28937
44.2866
44.28317
44.2804
44.27974
44.26881
44.26538
44.2625
44.25908
44.25566
44.29046
44.28703
44.28363
44.28296
44.27957
44.27889
44.27547
44.2748
44.27137
44.26794
44.26727
44.26317
44.25975
44.30304
44.28527
44.28251
44.28185
44.26815
44.26749
44.26683
44.26406
44.26341
44.25999
44.25933
44.42588
44.43136
44.43068
44.42929
44.42858
44.42722
44.42655
44.4277
44.42565
44.42494
44.42425
44.42292
44.42839
44.42702
44.41742
44.41809
44.42106
44.42176
44.41696
44.41765
44.41994
44.44847
44.44781
44.44614
44.44414
44.44346
44.44318
44.44247
44.4418
44.44047
44.4206
44.42129
44.42338
44.42472
44.42405
44.42358
44.4398
44.43681
44.43615
44.44023
44.43953
44.43881
44.43747
44.43517
44.43317
44.43798
44.43727
44.43658
44.43589
44.43449
44.43383
44.4325
44.43153
44.43085
44.42953
44.43502
44.43432
44.43363
44.43293
44.43224
44.43019
44.42886
44.42999
44.42789
44.43206
43.1457
43.17981
48.26301
44.43762
48.25936
44.42342
44.42651
44.42648
44.43042
46.19016
45.28362
45.27921
45.29987
45.2773
45.30148
44.29794
44.29598
44.29613
44.25933
44.27199
44.27837
44.28274
44.28324
46.19059
46.37522
46.36705
46.36958
47.08108
46.3604
47.08329
47.07631
47.07844
47.08308
47.08105
46.37577
46.37013
47.75993
46.88122
46.87691
46.87126
46.87533
47.78814
47.75343
47.76155
47.763
47.75832
46.87106
44.2438
44.24013
44.2439
44.24316
44.24764
44.2469
44.25137
44.23944
44.2439
44.24321
44.24696
44.24626
44.25069
44.25376
44.29203
44.29734
44.30114
44.31018
44.30944
44.3087
44.26129
44.26506
44.28374
44.26816
44.27126
44.27195
44.27504
44.2788
44.27811
44.28692
44.28557
44.29585
44.26627
44.26554
44.27005
44.26933
44.28447
44.41849
44.41714
44.41648
44.41584
44.41519
44.41782
44.42265
44.42197
44.42129
44.42062
44.4324
44.41998
44.43175
44.43044
44.41933
44.41868
44.41665
44.42748
45.30066
45.28276
44.4268
44.42978
45.28227
45.27795
44.42545
44.42477
44.42411
45.27841
44.42347
44.42282
44.42216
44.42148
44.42013
44.41946
44.4208
44.43097
44.42911
44.42844
44.42892
44.42826
44.4276
44.42696
44.43863
44.4263
44.42496
44.42428
44.42362
44.43513
44.43445
44.43308
44.41234
44.41433
44.413
44.4082
44.40885
44.40951
44.40339
44.40405
44.39988
44.40471
44.40054
44.41366
45.02881
45.02463
44.52108
44.5166
44.56701
44.5252
44.5207
44.53009
47.0825
46.2406
46.2449
46.24443
46.23966
46.24395
46.37512
46.37557
46.37603
46.37039
46.37084
46.30548
47.07842
47.07888
47.07796
47.0775
47.08298
47.08205
47.07835
47.0775
47.07877
47.07792
47.08334
47.08246
47.08205
46.30594
46.30167
47.76413
47.66598
47.30987
47.7886
47.78544
47.79051
47.78994
45.96109
45.96064
45.96536
45.96491
46.32731
46.21159
46.21112
46.21066
46.21535
46.21488
47.75469
47.76028
47.75972
47.75916
47.76471
47.77847
47.77986
46.87905
46.87551
46.87688
46.87265
46.87334
45.85698
45.85647
47.96319
47.95785
47.95879
47.95832
47.96356
47.96402
47.95912
47.96011
47.95961
45.04456
47.08133
47.07832
47.07764
44.52448
44.52088
45.18361
44.5201
44.51652
45.20521
44.56724
44.53091
47.77459
47.76315
47.77078
47.76758
47.76377
46.87357
45.85541
46.87403
46.87892
46.87149
46.87638
46.8768
46.88169
47.98537
47.98851
47.98927
45.84859
45.30435
45.30217
45.29309
45.28192
45.27826
45.27892
45.27462
45.85103
45.85166
47.78224
47.78162
45.85477
47.78543
47.78483
47.78868
47.78932
47.75994
47.75577
47.77839
47.77141
47.78102
44.25356
44.24524
44.25375
44.25329
44.24914
44.24871
44.24828
44.24499
44.24413
44.24456
44.24369
44.23952
44.31075
44.30826
44.3087
44.30783
44.30742
44.29945
44.28485
44.28108
44.26645
44.26626
44.26317
44.26208
44.25837
44.28992
44.28619
44.28574
44.28162
44.28118
44.27703
44.27196
44.2724
44.26777
44.26821
44.27651
44.27185
44.26766
44.26254
44.30526
44.26729
44.26688
44.26693
44.42426
44.42588
46.87403
48.26458
46.87538
46.87151
46.87289
46.8726
44.25139
44.25039
44.25996
44.259
44.27057
44.26508
44.2833
44.2696
44.43194
44.42781
44.42432
44.42364
44.41435
44.40854
44.41814
44.41645
44.41061
44.40459
44.42818
44.42625
44.42569
47.06558
47.06213
47.06544
47.0724
47.06826
47.06203
47.07175
44.24339
44.24593
44.24522
44.2417
44.24099
44.24498
44.24614
44.24755
44.25013
44.30289
44.30218
44.30804
44.25599
44.26421
44.25926
44.26325
44.26255
44.25856
44.26184
44.2677
44.27098
44.28596
44.28994
44.26305
44.26962
44.26891
44.52277
44.51917
44.51619
44.4075
44.41226
44.40183
44.43027
44.40262
44.42291
44.42369
44.41171
44.41249
44.41328
44.40591
44.40013
44.41724
44.41803
44.40999
44.4254
44.42698
44.41657
44.40512
44.40434
44.41815
44.41894
44.42052
44.41396
44.40841
44.42132
44.4067
44.42041
44.43695
44.42212
42.11345
44.4367
42.13369
44.42789
47.98841
47.78365
47.78883
47.78803
46.86922
46.87654
46.86596
46.87082
46.87002
46.87734
47.7627
47.76346
47.99196
46.86676
46.87328
47.98774
46.87408
47.99139
47.97446
47.06088
46.94184
46.94115
46.92954
47.07087
46.93936
46.93571
47.06882
47.08244
46.93387
47.08311
47.06453
47.06818
47.07945
47.07312
47.0652
47.07515
46.9314
47.06156
46.93751
47.0695
46.93207
44.42519
42.13555
42.1339
42.1337
42.7109
42.71077
42.7172
42.71734
47.78869
42.13087
42.71064
42.7121
42.71344
42.71449
42.71609
42.71742
42.70861
42.71368
42.71465
42.71248
42.71127
42.71745
42.71626
42.71509
47.78864
47.79004
42.71897
42.71903
42.71368
42.71364
42.71216
42.7124
42.71372
42.71366
42.7191
42.71223
42.71228
47.78881
47.78955
46.08489
43.14642
43.17782
42.78704
42.79376
42.78711
48.26135
48.26239
48.25794
46.86746
46.86764
46.08038
47.78808
42.71077
42.70919
42.71054
42.71054
42.7117
42.71191
42.7128
42.71313
42.71535
42.71767
42.71391
42.71398
42.71736
42.71423
42.71626
42.71517
42.71656
42.78985
42.79136
42.79574
42.79294
42.72066
42.71739
42.71666
42.71592
42.71012
42.71191
42.71265
42.71339
42.71413
42.71486
42.71813
42.71517
42.71918
42.71992
42.71844
42.90667
42.90498
42.90967
42.90579
42.90051
42.90558
42.90479
42.90947
42.9007
43.17918
43.14505
42.50578
42.51
42.50542
42.50621
42.50213
42.49883
42.49511
42.45618
42.45948
42.49182
42.4926
42.47847
42.46277
42.47924
42.47595
46.88763
43.14738
42.45911
42.45869
42.49617
42.42727
42.42867
42.45517
42.50284
42.47409
42.50533
42.50231
42.50371
42.50508
42.50154
42.42862
42.49478
42.504
42.50266
42.50131
42.49994
42.49854
42.4924
42.49753
42.42279
42.41833
42.42088
46.25557
46.221
46.26011
46.26358
46.26465
46.26704
46.21639
46.21988
46.26811
45.92062
45.923
45.92649
46.26613
45.92522
45.91951
42.01328
42.01142
46.43307
46.91067
46.90662
46.90785
42.4186
42.42085
42.4935
42.49613
42.50064
42.47217
42.49619
42.47929
42.48644
42.4864
42.48638
42.49353
42.49351
42.49607
43.1477
43.85457
42.47215
42.47113
42.46612
42.46212
44.42617
42.4611
42.4861
42.48714
42.49783
42.49676
42.47613
42.47717
42.49569
42.48817
42.4868
42.49107
42.4779
42.4921
42.43095
42.48114
42.49285
42.49603
42.49706
42.49313
42.49178
42.41896
42.41991
42.41552
43.05957
42.41603
42.45779
42.45943
42.46111
42.45312
42.48239
42.45478
42.48865
42.47607
42.47443
42.48077
42.47911
42.47742
42.49326
42.47269
42.47564
42.47734
42.48201
42.4803
42.45648
42.45018
42.44847
42.48403
42.48572
42.45192
42.44563
42.48742
42.47773
42.47941
42.43931
42.4411
42.48837
42.49166
42.48376
42.48542
42.48703
42.48204
42.48663
42.48445
42.48744
42.48573
42.48396
42.48909
42.49535
42.49372
42.49208
42.49033
42.48856
42.50005
42.49837
42.4967
42.49493
42.49315
42.50306
42.50134
42.49955
42.49776
42.50239
42.50053
42.4798
42.47644
42.47474
42.47813
42.4811
42.46412
42.46579
42.48279
42.49072
42.4861
42.48783
42.48149
42.48321
42.48494
42.48667
42.47858
42.47683
42.48111
42.49006
42.43478
42.47219
42.47049
42.47685
42.47515
42.47349
42.4798
42.47813
42.47646
42.48447
45.91557
46.01241
46.01107
46.01357
46.0122
46.27249
46.27317
45.91837
45.91972
43.01839
43.02302
43.02765
43.06355
43.06864
43.07327
43.07791
43.08253
43.03532
43.03228
42.4995
42.4789
42.47872
42.47976
42.45768
42.46367
42.46352
42.4695
42.46936
42.47566
42.47534
42.47603
42.47584
42.48184
42.48166
42.46492
42.4651
42.45909
42.45891
42.45324
42.45307
42.44721
42.46861
42.46904
42.46883
42.46282
42.46304
42.45702
42.45681
42.45079
42.45119
42.451
42.44515
42.51133
42.51169
42.51187
42.51151
42.50515
42.50568
42.50587
42.50532
42.5055
42.49883
42.49915
42.49932
42.49987
42.49899
42.49968
42.49284
42.49299
42.4935
42.49386
42.49407
42.49367
42.48785
42.48749
42.48804
42.48767
42.48824
42.4824
42.48259
42.48277
42.48294
42.48222
42.4764
42.47693
42.47712
42.47622
42.47657
42.47675
42.47075
42.47092
42.4711
42.48064
42.48086
42.47998
42.4802
42.48042
42.47399
42.4742
42.47441
42.47506
42.47462
42.47483
42.00898
42.01185
42.4791
42.47931
42.47953
42.47292
42.47377
42.46695
42.46711
42.46114
42.4613
42.41831
42.42337
42.42039
42.41462
42.41953
46.41177
46.40553
46.41169
46.40545
46.40788
43.85481
42.4859
42.4868
42.44036
42.44375
42.44305
42.48771
42.44393
42.43187
42.4643
42.49212
42.47276
42.44551
42.47072
42.47163
42.47498
42.47589
42.49299
42.49387
42.48924
42.49104
42.47407
42.45012
42.49193
42.44558
42.43277
42.49347
42.47832
42.47923
42.43792
42.44922
42.44859
42.44588
42.43367
42.43258
42.44344
42.44678
42.44768
42.42766
42.42854
42.42924
42.43702
42.43881
42.44102
42.44014
42.44216
42.44467
42.44255
42.42942
42.43592
42.44434
42.44127
42.46775
42.44461
42.448
42.50706
42.5104
42.44709
42.43921
42.4995
42.46866
43.1479
43.85711
43.85373
43.06475
43.06408
43.06342
43.06266
43.062
43.06133
43.06066
43.05857
43.05791
43.05239
43.05107
43.04898
43.0333
43.0312
43.0449
43.03871
43.03805
43.04556
43.04213
43.0166
43.02002
43.02344
43.02411
43.02753
43.02579
43.02921
43.02988
43.08118
43.03463
43.03396
43.08594
43.08319
43.08252
43.08185
43.08385
43.0791
43.07776
43.07977
43.07843
43.07367
43.07635
43.07568
43.07501
43.07434
43.07293
43.07159
43.07225
43.07092
43.07026
43.0695
43.06884
43.06817
43.0675
43.06608
43.06542
43.0125
42.41891
42.41821
42.41966
42.41491
42.44284
42.44542
42.43791
42.43196
42.44367
42.45191
42.46674
42.45955
42.46107
42.45553
42.45399
42.45713
42.44702
42.44998
42.45312
42.45152
42.43966
42.44132
42.44283
42.44427
42.44743
42.44582
42.43379
42.43701
42.44185
42.43551
42.4386
42.43686
42.44263
42.4409
42.44475
42.4385
42.44016
42.44355
42.42971
42.43129
42.43816
42.4896
42.48844
42.49188
42.48652
42.50246
42.49915
42.4957
42.44193
42.50402
42.50086
42.43302
42.43475
42.43644
42.42391
42.42763
42.43102
42.42574
42.42939
42.46005
42.4616
42.49743
42.4939
42.49203
42.50126
42.4994
42.45605
42.45302
42.45451
42.45765
42.45201
42.44392
42.45249
42.45097
42.44763
42.44582
42.44756
42.45047
42.4536
42.44029
42.44186
42.44331
42.44191
42.44476
42.44792
42.44633
42.43268
42.44935
42.45308
42.45809
42.4566
42.45499
42.45112
42.46522
42.46374
42.46225
42.45855
42.47092
42.46942
42.46789
42.4662
42.45562
42.44408
42.43449
42.46406
42.47516
42.47357
42.45715
42.47533
42.4586
42.43607
42.4539
42.44999
42.44658
42.44833
42.43905
42.44238
42.43187
42.45154
42.43029
42.43362
42.4353
42.43697
42.42459
42.42826
42.42644
42.42992
43.35531
43.35699
44.93818
44.93671
42.44776
42.45196
42.44866
42.48989
42.48769
42.45299
42.46873
42.46922
42.4703
42.46363
42.45248
42.45669
42.45872
42.4572
42.46192
42.43415
42.48566
42.49508
42.48048
42.50497
42.48095
42.49794
42.49838
42.47958
42.47917
42.42472
42.47297
42.42427
42.43035
42.42987
42.42895
42.43462
42.44828
42.43314
42.50263
42.50219
42.50308
42.43509
42.43366
42.47446
42.46976
42.45144
42.43935
42.48518
42.44998
42.43887
42.43835
42.43782
42.44953
42.49746
42.49697
42.49647
42.49598
42.4955
42.49459
42.46505
42.43982
42.44305
42.44455
42.44407
42.44358
42.44251
42.44722
42.46141
42.49884
42.49977
42.46662
42.49086
42.49414
42.45092
42.48856
42.46612
42.50027
42.4993
42.45043
42.44909
42.49237
42.49281
42.5002
42.50068
42.50117
42.50919
42.50167
42.50323
42.49226
42.49328
42.50825
42.51389
42.49276
42.49176
42.49128
42.49081
42.45425
42.49035
42.5027
42.45894
42.45937
42.48615
42.45983
42.46034
42.46088
42.45337
42.4656
42.48804
42.46405
42.49799
42.45852
42.45381
42.49324
42.45513
42.49036
42.49369
42.49504
42.45563
42.44201
42.44013
42.43968
42.43925
42.4467
42.44622
42.44481
42.44396
42.44574
42.44527
42.44437
42.50354
42.504
42.50448
42.47863
42.47765
42.47721
42.48188
44.40556
44.25022
44.2707
44.27065
44.27017
42.99511
42.99814
42.9988
42.99748
43.00247
43.00181
43.00115
43.0005
42.99984
43.00548
43.00482
43.00416
43.00351
43.00718
43.00849
43.00784
43.00652
43.01217
43.00952
43.01151
43.01085
43.01018
43.01385
43.01318
43.01451
43.07578
43.35744
43.35809
43.35371
43.08541
43.08108
43.08175
43.08243
43.08311
43.07742
43.07809
43.07877
43.07945
43.08013
43.07443
43.07511
43.07376
43.0701
43.07077
43.07144
43.07212
43.0728
43.06711
43.0621
43.06345
43.06479
43.05411
43.05478
43.05045
43.05113
43.03216
43.03582
43.03948
43.35436
43.02616
43.04381
43.04314
43.04747
43.02682
43.0468
43.0285
43.02484
43.0255
43.02184
43.0225
43.02983
43.02916
43.03283
43.03349
43.0205
43.02316
43.02117
43.01817
43.01685
43.01583
43.01517
43.01884
43.0195
43.01751
43.14598
44.93605
44.25047
44.2676
43.8534
46.17772
42.4402
42.44357
42.44629
42.44761
42.45034
42.451
42.45439
42.42944
42.42876
42.45778
42.42675
42.42743
42.43012
42.4308
42.43147
42.43213
42.43279
42.43216
42.43283
42.48341
42.4868
42.49221
42.49289
42.49084
42.49218
42.49048
42.49386
42.47933
42.43418
42.47664
42.47394
42.47328
42.47056
42.4699
42.46247
42.46182
42.4611
42.45909
42.45773
42.45505
42.45505
42.45436
42.45367
42.45166
42.49584
42.45235
42.49918
42.49923
42.50598
42.45167
42.45098
42.43485
42.43551
42.43616
42.43689
42.43756
42.43822
42.43888
42.43953
42.44026
42.44093
42.4503
42.44895
42.44828
42.44226
42.44897
42.4476
42.44692
42.44558
42.4449
42.44291
42.4281
42.51953
42.52223
42.44424
42.44559
42.5229
42.44221
43.0788
43.04601
43.04555
43.04509
43.04228
43.04182
43.04136
43.0409
43.03762
43.03716
43.03671
43.03624
43.03343
43.03297
43.03251
43.03205
43.03159
43.03112
43.02924
43.02878
43.02832
43.02786
43.02739
43.02693
43.02647
43.02504
43.02458
43.02412
43.02366
43.0232
43.02274
43.02227
43.02085
43.02039
43.01992
43.01947
43.01901
43.01855
43.01809
43.01618
43.01572
43.01527
43.01199
43.01153
43.00779
43.00734
43.05021
43.05067
43.05439
43.0797
43.04928
43.04974
43.05346
43.05392
43.06043
43.06091
43.06414
43.06508
43.06556
43.06974
43.07022
43.07069
43.07204
43.07251
43.07298
43.07346
43.07393
43.07441
43.07536
43.07489
43.06445
43.0649
43.00824
43.06534
43.06953
43.06998
43.07042
43.07238
43.07281
43.07327
43.07372
43.07417
43.07506
43.07462
43.07656
43.07701
43.07746
43.07791
43.07836
43.07926
43.08075
43.08119
43.08164
43.0821
43.083
43.08254
43.00359
43.00314
43.00403
42.99939
42.99894
42.99518
42.99473
43.01481
43.01435
43.0139
43.01344
43.01107
43.01062
43.01016
43.0097
43.00924
43.00878
43.00688
43.00642
43.00596
43.0055
43.00504
43.00268
43.00222
43.00176
43.0013
43.00084
42.99993
42.99848
42.99802
42.99756
42.9971
42.99619
42.99573
42.99336
42.9929
42.99199
42.99152
42.98779
43.35546
43.00869
43.01229
43.07851
43.01123
43.00645
43.00978
43.012
43.00389
47.92046
42.62156
42.61753
42.62092
42.62286
42.62557
42.6135
42.63227
42.63159
42.62353
42.61689
42.60612
42.60947
42.61013
42.63091
42.63631
42.63495
42.63898
42.63831
42.64034
42.61482
42.63966
42.63763
42.61884
42.61548
46.17936
46.17287
46.17889
42.6411
42.64044
42.63845
42.63716
42.63655
42.63978
42.6438
42.64446
42.64182
42.64117
42.64053
42.64314
42.64454
42.64518
42.64782
42.64716
42.65184
42.65118
42.6525
42.65052
42.64856
42.65586
42.65923
42.65454
42.65652
46.18034
44.25038
44.25391
44.26953
44.27307
44.28646
43.07276
43.0801
43.08297
43.07899
43.07499
43.07603
43.07204
43.06805
44.95638
44.95703
42.99363
43.00344
43.00273
44.48688
47.91973
47.92056
46.17832
46.17434
46.17876
46.17773
46.17816
42.4637
42.50241
42.44683
42.45506
42.4553
42.44823
42.46413
42.49831
42.48377
42.4842
47.39145
47.38367
42.86755
42.86645
45.89708
45.89234
45.89304
45.89569
45.89373
47.61811
47.85035
46.32306
46.41498
46.19907
46.32572
46.32236
47.39059
47.847
47.84748
42.44289
44.93586
47.61594
46.3246
46.07824
43.60662
43.57874
46.90876
46.90956
46.9063
48.48654
48.48726
48.48631
48.48557
48.488
48.48374
46.90776
46.90745
46.90788
46.90754
46.9064
44.16233
44.15504
46.90783
46.90908
43.58171
43.58188
43.3758
43.37854
46.38464
46.38744
46.38268
46.383
46.38713
45.9128
46.38436
45.77748
45.77599
46.38137
45.9745
45.97283
45.91234
45.91451
45.96845
46.38305
46.37688
46.37864
46.38128
46.31392
48.95006
48.95238
48.94596
48.95175
48.95354
43.58498
43.58452
43.58562
43.58521
42.04467
42.04515
43.5866
43.58612
43.59109
43.59062
43.58748
43.58704
43.59198
43.38388
43.37569
43.37522
46.26054
46.25458
46.25473
46.24341
46.2438
48.94548
48.94141
45.77843
45.77763
45.77517
43.38211
43.37426
42.44335
43.59403
43.59604
43.59537
43.5947
43.59335
43.59187
43.59253
43.5912
43.59053
43.59608
43.59539
43.59469
43.594
43.59258
43.59189
43.5912
43.58839
43.5877
44.98002
44.98751
44.99054
44.97812
44.83855
44.98474
44.97266
44.97476
44.97687
44.96888
46.40426
46.40276
46.24392
46.24559
46.25061
46.25172
46.25005
46.40122
46.40798
46.40643
47.70763
47.71275
47.80661
47.81034
45.90731
45.91254
45.91418
46.23166
47.61291
46.23865
47.61862
47.61742
47.81193
47.82405
47.81679
47.70473
47.70986
45.976
47.82895
45.97075
47.82779
46.23767
46.236
47.61131
47.6168
47.61008
47.61557
46.237
46.23066
46.23232
47.81634
48.92423
43.58958
43.59307
43.59348
43.58416
43.5835
43.58709
43.58643
43.58775
43.59068
43.59002
43.58936
43.5887
43.59294
43.59229
43.59456
43.38546
43.38129
43.38196
43.37714
43.3778
43.37846
43.37431
47.81144
45.92717
45.92762
45.92252
46.54241
46.53782
47.71422
47.7099
47.70947
47.70472
45.24911
45.24814
46.96794
46.96749
46.9725
46.97207
47.81897
47.82049
47.81417
47.81467
47.80667
47.80718
47.80192
47.80242
44.4107
44.41441
44.42013
45.77729
45.77264
45.77581
44.40726
44.41433
44.96869
44.97375
44.97881
44.97801
44.98346
44.98307
44.98855
44.98812
44.99323
44.99688
44.9965
44.99756
44.99722
44.9961
45.00184
45.0015
45.00112
45.00256
45.0022
45.00684
45.00647
45.01036
45.02051
44.82983
46.18571
46.18349
46.18714
46.18616
46.40673
46.40264
46.40221
46.40694
46.40248
46.19033
46.18254
46.18761
46.1881
46.40201
47.81541
48.66637
48.54108
45.77789
45.77725
45.77434
44.42005
45.29256
45.28888
44.44497
44.41959
43.60105
43.59808
43.59763
43.59671
43.5942
43.59375
43.59329
43.59283
43.5885
43.59034
43.58987
43.58941
43.58895
43.60047
43.59759
43.59711
43.59663
43.59426
43.59376
43.59327
43.59278
43.5923
43.58993
43.58944
43.58894
43.58845
43.58796
43.58748
43.58412
43.58363
44.9991
44.99902
44.99975
45.00118
43.37703
44.974
43.38107
45.00188
45.0026
45.00244
45.00317
45.00461
45.01714
44.97331
44.97054
44.96986
44.97677
44.97744
44.98023
44.96992
44.97063
44.98091
44.98438
44.98367
44.98714
44.99424
44.9906
44.99408
44.99632
44.99773
44.99842
43.37656
45.00534
45.00606
45.00733
45.00805
45.00878
45.01076
45.01435
45.01366
45.01569
45.01643
44.87784
44.87986
44.87852
44.87568
44.87502
44.8728
44.86992
44.87047
43.604
43.59795
43.59864
43.59932
43.6
43.59533
43.59465
43.59601
43.5927
42.44706
43.60263
43.59201
43.60331
43.05708
44.09218
44.0928
44.08848
43.04306
43.04226
43.04636
43.05377
43.05627
43.05297
43.04967
43.04556
42.85592
43.58618
43.58945
43.59495
43.59421
43.59347
43.59273
43.59198
43.59124
43.5905
43.59748
43.59822
43.59674
43.596
43.59526
43.59452
43.59377
43.59302
43.6015
43.60075
43.60001
43.59927
43.59406
43.60625
43.60551
43.60477
43.60952
43.60878
44.39651
44.44208
44.44135
44.45915
43.37994
43.37759
43.37352
43.37508
44.45163
44.44262
44.4459
44.43935
43.37681
44.44995
44.44917
43.37838
48.92549
48.92212
48.92612
48.92149
48.66708
48.65879
44.72064
44.14186
44.1468
43.61708
43.61687
43.61134
43.60654
43.60636
43.60617
43.6058
43.601
43.60082
43.60064
43.61787
43.61256
43.61234
43.61211
43.60744
43.6068
43.60211
43.6019
43.60169
43.59637
43.59616
44.85165
44.87161
44.5337
44.53424
44.5348
44.53851
44.86726
44.8633
44.87022
44.86628
44.86588
44.96752
44.97173
44.96924
44.97346
44.86192
43.05535
44.86153
44.86073
44.85637
44.85596
44.85205
44.82679
45.01197
43.04375
44.45057
43.04955
43.04972
44.44858
44.45326
43.60828
43.60752
43.60484
43.6022
43.60104
43.59991
43.59497
43.05342
43.05543
43.0507
43.04868
43.04395
42.85793
42.48862
42.85876
45.78164
45.78905
45.77261
45.78493
42.86072
42.85698
44.14548
44.14902
44.14194
44.15715
44.15361
44.15001
44.13476
44.16069
43.60564
43.61048
43.61774
43.61895
43.62257
44.27643
44.85452
44.86692
44.87963
44.87891
44.82544
44.82616
43.06237
45.01441
45.01512
45.01113
45.00858
45.00929
44.14754
44.06525
44.53676
44.70952
45.00531
45.00602
45.00204
45.00275
44.98733
44.97865
44.97608
44.9721
44.97281
44.71027
44.96883
44.84797
44.84725
44.85125
44.85525
44.86291
44.13763
44.71854
44.7224
42.86109
43.06358
46.07962
45.61407
45.6104
46.07625
46.0752
46.08161
46.07372
46.08066
48.2326
48.69647
46.76353
46.76421
46.08174
46.07943
46.07431
46.07455
46.07481
46.07128
46.082
46.07648
46.07506
46.07107
45.61009
45.60992
