-119.69656
-123.20816
-120.78014
-120.90506
-122.6498
-122.80125
-120.23156
-121.88891
-119.01698
-120.28278
-120.28485
-118.85431
-118.5361
-121.85995
-120.07281
-120.07399
-121.25203
-118.86228
-122.80319
-119.10827
-119.96619
-119.96758
-120.07236
-120.07787
-118.53434
-118.53725
-119.3828
-120.07928
-120.07676
-121.31666
-121.31213
-121.31416
-122.7488
-120.30739
-120.30968
-120.30763
-115.82502
-115.66927
-121.89352
-121.21223
-121.21416
-121.28106
-121.27442
-116.73605
-116.73696
-121.29054
-119.10925
-121.28139
-121.27998
-121.66145
-120.3194
-120.32724
-120.31475
-120.32124
-121.27803
-121.27171
-119.11067
-120.49174
-116.02923
-121.33494
-121.33614
-121.3269
-120.58651
-120.31876
-120.32605
-120.31983
-120.32738
-119.1066
-120.30675
-121.27769
-121.27651
-121.298
-121.33029
-121.27644
-119.10813
-116.20672
-121.42976
-121.42583
-121.4323
-121.42834
-121.43076
-121.43721
-122.72717
-116.02148
-116.02049
-116.01868
-116.02145
-116.01934
-116.01669
-118.95052
-118.95437
-115.44492
-115.44558
-122.66792
-122.66517
-115.74529
-118.89548
-118.89034
-118.89328
-118.89912
-118.90728
-118.90712
-118.89338
-118.89959
-118.3985
-118.88566
-118.8919
-118.89238
-118.8914
-118.91556
-118.40066
-118.40245
-118.40038
-118.89287
-116.16116
-118.87486
-118.8765
-118.87578
-118.88235
-118.87417
-118.88331
-118.90472
-118.89938
-119.9602
-119.9648
-119.94919
-119.94549
-119.95469
-119.9593
-119.9639
-119.95007
-118.90522
-118.90997
-118.90131
-118.90004
-118.9009
-118.90176
-118.89872
-121.52964
-118.90349
-118.90045
-118.89442
-118.89529
-118.87424
-118.87337
-118.87902
-118.57539
-118.57151
-118.56745
-119.45269
-118.57269
-119.45401
-119.45672
-118.57032
-118.56985
-118.55262
-118.57424
-118.57571
-119.38534
-119.38647
-119.40776
-119.41038
-117.80029
-117.80595
-117.8053
-119.41193
-119.1824
-119.18121
-119.18398
-119.93478
-119.93639
-120.10101
-120.09975
-120.40662
-120.93093
-120.93159
-116.27615
-116.33949
-120.2725
-120.27201
-120.26728
-120.26221
-120.2669
-120.2739
-120.27032
-120.26199
-120.26785
-120.26601
-118.85962
-118.85984
-118.84752
-118.85552
-118.8517
-118.84737
-118.85198
-115.16
-121.02871
-121.0229
-121.02791
-121.02209
-121.0097
-121.00389
-121.50255
-118.59334
-118.59254
-121.68916
-121.68989
-121.69279
-118.61831
-121.69308
-121.69209
-122.01391
-117.453
-117.45464
-117.458
-117.46127
-117.45752
-117.45916
-117.45513
-117.45349
-117.45963
-120.01159
-120.00808
-120.0024
-121.02713
-121.04968
-120.0035
-119.99936
-119.99512
-120.00761
-120.0117
-120.00269
-120.00985
-118.6208
-119.98468
-119.99711
-120.00587
-120.00525
-120.0094
-120.00114
-119.09355
-120.02611
-120.01916
-120.01225
-117.37324
-117.52087
-117.55728
-117.5416
-117.54978
-117.52254
-117.55915
-117.55148
-117.54363
-117.53966
-121.98202
-121.28123
-121.28032
-120.48448
-117.73268
-121.28587
-120.48215
-121.28497
-117.94103
-120.11937
-115.61676
-119.11816
-119.11877
-119.12505
-116.4181
-116.41895
-119.09573
-119.09517
-119.10127
-119.11311
-119.10687
-119.10072
-119.09462
-119.1125
-119.10632
-119.10018
-119.09405
-119.11193
-119.10575
-117.52868
-116.46709
-118.48363
-118.48531
-118.48196
-118.48283
-118.48267
-118.48448
-117.02455
-117.02558
-117.02771
-117.02645
-118.48389
-118.48404
-118.48632
-115.92799
-115.93665
-115.79814
-115.92883
-121.28967
-121.27386
-121.28051
-121.28177
-121.28423
-121.28989
-121.28562
-121.2755
-121.28683
-121.29101
-116.63165
-116.63071
-116.62978
-116.62488
-121.74016
-121.61208
-121.61074
-121.60519
-121.73883
-121.7375
-121.73617
-121.7394
-121.73807
-118.62677
-116.4758
-116.48093
-117.02621
-117.02507
-116.08668
-116.08858
-116.29671
-116.30219
-116.65147
-115.95975
-115.9666
-115.87186
-115.87741
-116.4732
-118.98371
-116.3211
-116.32023
-116.46339
-118.98885
-118.98483
-118.97904
-118.98594
-118.9768
-116.47881
-116.47137
-118.97792
-116.47697
-115.92715
-116.46766
-116.46468
-118.9826
-118.08083
-118.08195
-121.73432
-121.72182
-121.69385
-121.69389
-122.05249
-122.05273
-121.72955
-121.73126
-121.73316
-121.72889
-121.73515
-121.7309
-121.74106
-121.73871
-121.73891
-121.74304
-121.74066
-121.28341
-120.07536
-121.2883
-121.292
-121.29395
-121.29127
-120.07026
-121.27323
-120.06528
-120.0638
-117.93215
-121.72882
-121.74255
-121.69459
-121.73022
-121.72453
-121.73824
-121.74483
-121.72348
-121.72766
-121.73869
-121.73132
-121.73611
-121.73606
-121.73579
-121.73181
-121.74244
-121.72927
-121.69592
-121.29774
-120.07159
-121.28812
-121.27449
-121.2883
-121.27468
-121.2751
-120.0619
-121.28894
-121.27401
-121.7386
-121.73978
-121.73452
-121.74094
-121.73038
-121.73568
-121.73147
-121.73621
-120.09053
-121.69096
-121.73286
-121.69582
-121.74064
-121.69265
-121.73512
-121.69751
-121.74322
-121.29091
-121.27613
-121.739
-121.74356
-121.73983
-121.74277
-121.73521
-121.74658
-121.69803
-121.73784
-121.73736
-121.74106
-121.74049
-121.69379
-121.74417
-121.73811
-122.05965
-121.74197
-121.73425
-121.29278
-121.29336
-121.27359
-121.69602
-120.18416
-121.71803
-120.19086
-121.29916
-121.50378
-121.19725
-121.29779
-121.29844
-121.3007
-121.29715
-121.70964
-121.71678
-121.71038
-121.71752
-121.69813
-121.69692
-121.48691
-121.48785
-121.49301
-120.18864
-120.18884
-120.18826
-121.70575
-121.71303
-121.20217
-121.19619
-120.19401
-120.18758
-116.67654
-116.22949
-121.70589
-121.69468
-121.69945
-121.70102
-121.6954
-121.70023
-121.20553
-116.67358
-116.68496
-121.59749
-116.28938
-116.28868
-116.28266
-117.93236
-121.30495
-121.31005
-121.30072
-121.30579
-121.31088
-121.31596
-121.31678
-121.59151
-121.59322
-121.59237
-116.18098
-121.19627
-121.20519
-121.20127
-121.20627
-121.71987
-121.72495
-121.59459
-121.59574
-121.60069
-116.17988
-121.38825
-121.38328
-116.27567
-121.38215
-121.38712
-121.58965
-121.39207
-121.59343
-117.9341
-116.3442
-116.3386
-116.33947
-116.34331
-117.92832
-116.35065
-116.34097
-116.31944
-117.92925
-116.34801
-116.34892
-120.85714
-116.34522
-116.8148
-116.82749
-116.73575
-116.82246
-116.73684
-116.82751
-116.81603
-117.93305
-116.34598
-116.34489
-121.7217
-121.72856
-121.72343
-121.72523
-121.72017
-121.72189
-121.72699
-121.73204
-116.42494
-117.60442
-117.59924
-117.59409
-121.2854
-120.85341
-120.85949
-116.25317
-116.25431
-120.85174
-120.27943
-120.28255
-120.28416
-121.77509
-121.78499
-121.77622
-121.78524
-121.77654
-121.78343
-121.78372
-120.85502
-120.85786
-116.95341
-121.7746
-121.7732
-121.77177
-121.77029
-116.64623
-116.85198
-118.01586
-116.92121
-116.84534
-116.92285
-118.02148
-118.02016
-118.01452
-116.85503
-116.91765
-116.85347
-121.59189
-116.8469
-116.8219
-116.91592
-121.77673
-116.35263
-116.35414
-121.59545
-120.28625
-120.29052
-120.28445
-120.2923
-121.69475
-123.30254
-121.41241
-118.01363
-118.01621
-120.29073
-120.28445
-118.19845
-118.20372
-120.28534
-121.43795
-122.58078
-115.70737
-116.35694
-116.35682
-115.88159
-120.80131
-120.79893
-118.97139
-118.98589
-118.98273
-118.98076
-116.61477
-116.69717
-120.79852
-120.80167
-116.70506
-116.60704
-116.61268
-116.88872
-116.88518
-120.79866
-120.80393
-116.61391
-116.70119
-120.80459
-116.60623
-117.93511
-116.36163
-117.37307
-116.36212
-116.35329
-115.72311
-116.35284
-115.72781
-121.42738
-117.34467
-122.06977
-121.6898
-121.69053
-121.69611
-122.5802
-120.804
-120.79771
-120.79702
-120.80312
-120.7964
-120.80241
-120.79566
-120.80161
-120.79488
-116.42
-115.89201
-115.88531
-115.88605
-121.4791
-121.48096
-121.42847
-121.42329
-121.42907
-121.42888
-121.4295
-121.4243
-121.43009
-116.2176
-116.2235
-116.2124
-116.21833
-117.93507
-116.59707
-118.97643
-116.60298
-118.97709
-118.98927
-116.60118
-116.60818
-116.59766
-118.97433
-118.97498
-118.98299
-116.59219
-116.60236
-116.35973
-120.85519
-118.03579
-118.02951
-118.03468
-118.03075
-120.85125
-116.60622
-118.97422
-121.43411
-121.43493
-115.88458
-115.88564
-120.79508
-120.79587
-120.8016
-120.79669
-120.80238
-120.79749
-120.79925
-120.80003
-120.8008
-115.39635
-115.40288
-115.39742
-116.87875
-116.58074
-118.98001
-118.98125
-116.57143
-116.56598
-116.57708
-116.56847
-116.57151
-116.40546
-116.41115
-116.57497
-116.56357
-116.57805
-120.8508
-118.0347
-118.02893
-116.14391
-121.67654
-122.4785
-122.47623
-122.47775
-122.4837
-115.39669
-115.40308
-122.477
-122.47179
-121.42899
-121.42976
-121.43526
-121.44075
-121.44154
-121.43054
-121.43604
-121.44232
-121.43133
-116.61774
-118.98535
-116.61596
-116.5806
-116.5797
-118.98457
-118.97758
-118.94952
-118.97681
-118.97609
-115.74462
-116.61684
-118.21041
-116.40937
-120.8499
-117.38048
-116.40398
-117.37378
-118.20461
-116.6171
-116.41089
-118.46278
-118.46955
-118.47389
-118.46205
-118.46767
-118.46865
-122.46844
-122.46837
-122.4799
-122.47421
-122.46816
-122.47414
-122.4798
-122.46786
-122.47984
-122.48013
-122.47437
-122.48002
-122.47995
-122.46819
-122.47428
-121.43678
-121.43745
-121.4313
-122.47965
-122.47223
-122.46588
-115.59105
-115.59173
-116.46474
-115.59088
-115.5826
-115.58269
-115.59205
-116.18128
-121.42758
-121.4286
-121.42487
-121.4296
-121.44009
-121.43536
-121.43436
-121.44111
-121.43636
-121.43261
-116.5743
-118.66315
-118.95492
-118.95576
-118.95663
-118.95751
-115.58442
-122.4776
-122.47292
-122.47179
-115.58822
-122.47984
-115.59544
-115.59717
-122.47513
-122.47402
-115.59128
-116.61954
-116.62664
-115.7439
-117.38046
-116.18746
-116.62086
-122.4747
-118.21055
-116.41704
-116.4074
-116.43529
-116.41602
-116.41122
-116.42464
-116.41023
-116.40541
-116.42846
-116.42365
-116.41403
-121.60516
-121.60372
-121.59612
-116.15085
-121.77573
-121.76917
-116.42284
-116.41222
-117.93302
-121.29264
-118.95727
-118.96119
-118.96635
-118.96516
-118.96236
-119.90207
-120.81263
-120.81409
-118.96194
-121.29708
-121.29114
-118.96714
-121.47946
-121.48087
-121.48224
-121.47618
-117.22711
-118.31038
-116.20667
-116.21164
-116.21264
-118.03691
-118.03806
-118.0329
-116.74667
-116.74774
-115.93185
-116.75275
-116.38033
-116.37928
-116.88993
-116.29823
-116.30334
-116.29926
-116.34107
-116.33689
-117.37688
-117.38492
-117.37979
-118.54643
-116.61971
-116.62078
-116.74693
-116.74797
-118.54521
-118.54001
-116.89482
-116.89586
-118.53882
-118.53363
-116.75169
-116.34212
-120.84565
-120.84489
-120.84522
-117.93178
-116.64123
-120.81651
-120.80482
-120.81061
-116.64565
-116.64712
-116.4185
-116.42458
-116.4018
-116.42181
-116.41725
-116.42397
-116.42332
-121.71405
-121.72094
-116.41445
-116.42053
-121.7187
-121.61594
-121.61375
-121.62021
-116.62347
-115.7935
-115.79235
-115.79666
-115.79123
-115.78994
-116.74643
-116.74796
-116.74364
-120.84618
-120.6382
-115.83273
-115.82728
-115.82609
-117.18349
-115.52104
-115.51564
-116.74489
-116.61671
-121.51508
-121.52187
-121.52379
-118.65292
-118.64682
-118.65138
-116.23881
-115.83836
-115.84277
-115.83722
-115.84162
-115.83952
-115.84962
-116.23768
-115.83607
-115.82942
-115.82407
-116.24471
-115.84517
-120.80819
-120.8147
-121.51931
-122.47309
-120.64101
-115.84698
-116.74804
-121.61474
-120.84449
-120.84319
-120.81508
-120.80971
-120.80848
-120.80725
-121.70107
-121.707
-121.71228
-121.71066
-116.48893
-118.36211
-121.40231
-121.4051
-121.41534
-121.4102
-121.41286
-121.41791
-121.40781
-118.20044
-115.85329
-120.63396
-115.29679
-115.30653
-115.30016
-115.30146
-122.06855
-121.70551
-121.69937
-121.70577
-121.69948
-121.70041
-121.70696
-121.70064
-121.60713
-121.60738
-121.69945
-121.40346
-121.41094
-121.40415
-121.41172
-121.41231
-121.40472
-118.36276
-118.36779
-118.36333
-120.81493
-116.64936
-120.81454
-120.81406
-120.81539
-116.6437
-120.81638
-120.81184
-120.80304
-120.81177
-120.80354
-116.51431
-116.51144
-118.20656
-116.50808
-117.38512
-118.20145
-116.51122
-120.63181
-120.63744
-120.80466
-120.80715
-120.80167
-120.80632
-120.81098
-120.80084
-120.80549
-120.81016
-120.81207
-120.8167
-120.81121
-120.81583
-120.81035
-120.81496
-120.81408
-120.80254
-121.40577
-121.69907
-121.70245
-116.13903
-116.14127
-118.39549
-118.39809
-116.14588
-116.14372
-117.93487
-117.29324
-117.29746
-118.09637
-118.09907
-118.09631
-115.384
-115.39243
-116.22382
-116.21907
-116.21428
-115.38496
-115.39597
-115.38781
-116.51362
-116.51115
-115.39255
-122.47523
-122.47588
-122.47461
-122.48059
-122.48123
-117.9376
-118.39816
-118.39694
-118.39079
-118.39637
-118.39271
-118.39513
-118.39581
-115.39181
-115.61658
-116.21949
-116.21147
-116.22752
-116.51782
-116.50965
-115.39132
-115.38715
-115.39011
-115.38519
-116.142
-115.62212
-115.61813
-115.61626
-115.6183
-117.29437
-118.3028
-118.31008
-117.30141
-115.84361
-115.83443
-118.09796
-115.92828
-118.3936
-118.38947
-118.39436
-115.04467
-115.03345
-116.21288
-116.2175
-115.04175
-115.03635
-116.2241
-116.22766
-116.22698
-118.09528
-118.09759
-116.64194
-116.64126
-118.66595
-118.38517
-118.38439
-118.39084
-117.74253
-118.6731
-118.67223
-118.66766
-118.14533
-118.38593
-118.15093
-116.648
-118.67136
-120.7523
-119.74447
-119.73435
-119.73012
-119.73518
-119.74026
-119.74532
-119.73095
-119.73602
-119.7411
-119.74615
-119.74364
-119.73859
-119.73942
-115.62012
-115.91096
-115.91095
-115.91092
-117.92786
-115.97668
-115.61864
-116.51553
-116.22705
-116.29158
-116.29004
-116.22192
-116.22282
-115.62494
-116.21358
-115.84286
-115.84663
-115.84275
-115.84513
-115.84053
-118.09687
-118.09572
-116.51498
-115.91228
-117.91619
-117.92749
-117.92188
-117.92244
-117.92757
-117.92192
-120.74123
-120.74193
-119.73626
-119.74394
-119.73677
-119.73738
-115.91396
-118.77637
-117.03423
-118.67305
-119.73491
-119.7448
-119.73111
-115.98554
-115.8189
-115.81483
-115.93724
-115.82013
-115.81786
-115.59831
-115.98457
-115.98045
-115.81126
-115.80682
-115.81235
-115.9868
-115.81351
-115.80803
-115.84631
-115.96314
-115.83942
-115.95777
-120.8037
-120.80286
-120.80086
-120.80826
-120.80625
-120.81158
-120.79531
-120.80875
-120.81367
-120.81152
-120.81375
-115.96081
-115.1449
-120.79975
-120.80844
-120.8062
-120.80098
-120.81327
-120.8071
-120.81435
-120.8119
-120.80222
-120.81125
-120.80959
-120.8046
-120.80312
-120.7991
-120.80238
-120.79744
-120.79721
-120.80055
-115.59337
-115.96034
-115.83945
-115.84241
-115.96563
-115.96755
-115.96487
-120.80449
-116.64143
-116.20554
-115.59323
-115.58882
-115.59463
-115.59441
-115.59034
-115.58566
-116.20399
-115.96884
-115.83942
-115.84516
-115.84378
-115.96578
-115.97045
-115.96365
-115.9624
-115.95495
-115.96324
-115.96167
-115.96096
-115.95334
-115.75095
-115.7439
-115.84259
-118.53401
-115.91719
-115.92744
-115.96136
-115.92236
-118.98115
-118.98859
-118.99076
-118.98005
-118.98969
-116.64575
-116.03714
-116.65054
-116.64772
-116.64285
-116.02936
-116.03339
-116.02418
-116.0415
-116.02903
-116.03752
-116.03303
-116.04124
-116.03526
-116.03489
-116.02647
-116.03107
-116.04321
-116.04303
-116.0393
-116.03893
-115.07603
-115.74143
-115.07758
-115.07304
-116.20661
-115.99361
-115.9891
-118.4967
-118.48803
-118.48199
-118.49408
-118.48645
-118.49149
-118.49193
-118.48479
-118.4929
-118.48396
-119.87625
-120.84553
-120.84769
-116.29643
-116.29552
-116.29154
-116.29063
-116.29331
-116.2973
-116.29243
-116.2421
-115.91662
-115.91879
-120.94202
-120.93888
-115.96152
-115.94376
-116.48467
-116.48476
-118.80973
-116.08836
-116.08532
-120.12424
-120.94408
-115.96146
-120.94257
-121.41791
-121.41633
-121.42037
-121.41873
-121.42278
-121.41463
-121.42115
-121.41709
-121.4252
-116.48867
-115.96364
-120.94238
-120.10916
-121.41579
-121.42076
-121.41137
-121.41628
-121.42124
-121.41186
-121.41679
-121.40688
-121.42172
-121.41739
-121.42236
-121.41302
-121.41794
-121.42288
-121.40847
-121.41346
-121.4184
-115.98424
-121.41035
-121.40563
-121.41138
-121.41241
-121.41814
-121.41341
-121.60687
-121.72353
-121.72044
-115.55359
-115.95328
-115.55946
-115.55485
-121.42258
-115.14719
-121.61171
-121.60561
-121.72227
-121.71706
-121.41922
-121.42501
-121.41991
-121.42568
-121.41474
-121.42055
-115.55108
-115.55008
-115.55836
-115.5474
-115.56015
-115.55531
-115.95589
-115.14849
-123.73374
-123.72565
-115.55113
-121.45074
-121.44241
-121.45396
-121.45621
-121.44922
-121.45545
-121.45157
-121.44851
-121.45699
-121.45468
-121.46091
-121.44784
-121.41965
-121.42622
-121.42048
-121.42135
-115.55718
-115.55299
-115.54923
-121.42612
-121.42691
-121.45284
-121.4567
-121.45814
-121.45741
-116.58504
-121.45598
-116.20645
-115.71271
-115.72003
-115.71378
-115.71958
-115.71319
-115.71952
-115.54828
-120.80704
-120.80685
-122.39442
-120.04823
-120.04688
-120.79915
-120.7968
-120.80336
-120.79796
-120.80459
-120.80582
-120.80035
-120.80704
-120.80157
-120.80826
-120.80277
-120.804
-120.80404
-120.80525
-120.79034
-120.79565
-120.80382
-120.79919
-121.47189
-121.47939
-121.47366
-121.46925
-120.80684
-120.80226
-121.47016
-121.95349
-121.99517
-122.00024
-121.99443
-121.95935
-121.96954
-121.97466
-121.97976
-121.98492
-121.99006
-121.96878
-121.95859
-121.98933
-121.98416
-121.979
-121.97388
-121.96368
-121.9623
-121.9814
-121.98881
-121.96967
-122.00174
-121.96809
-121.998
-121.99332
-121.97838
-121.98306
-121.96344
-121.99707
-122.00267
-121.98772
-121.97278
-121.99239
-118.10258
-118.10133
-118.10043
-115.1013
-115.714
-115.7139
-122.49006
-122.48502
-120.75504
-120.74952
-120.75038
-120.75597
-120.75697
-120.75128
-120.75204
-122.48593
-122.48595
-121.68349
-119.90196
-116.38213
-116.52852
-115.67727
-115.66845
-115.67443
-115.66534
-115.66234
-115.66558
-119.3647
-119.367
-119.3437
-120.74454
-120.74604
-120.73761
-120.74496
-119.36868
-119.34258
-119.34723
-119.34816
-119.36145
-119.3491
-119.35575
-119.34993
-119.35654
-119.36304
-119.34144
-119.35133
-119.35212
-119.35306
-119.35789
-119.36275
-119.35881
-119.36365
-119.36456
-115.6656
-115.66637
-115.66702
-115.01588
-115.02056
-115.73354
-115.66688
-115.01389
-115.02585
-115.02018
-115.02036
-115.73488
-115.66894
-115.01562
-115.02063
-115.02571
-115.02446
-115.01546
-115.01405
-115.0266
-115.01617
-115.02348
-115.00288
-115.02335
-115.01957
-115.01615
-115.02775
-115.0154
-115.01309
-115.01398
-115.02364
-115.01781
-115.02271
-115.02175
-115.6665
-115.73263
-115.02039
-115.01807
-115.01228
-115.00394
-115.01396
-115.02522
-115.00098
-115.02282
-115.01389
-115.73106
-115.66891
-115.02319
-115.01403
-115.02265
-118.56528
-118.56743
-115.02488
-115.02412
-120.52891
-115.01638
-115.01572
-115.00156
-116.67884
-116.67696
-116.69234
-116.68273
-116.68173
-116.68657
-116.69142
-116.68266
-116.68752
-116.68366
-115.00547
-115.22417
-115.22985
-115.22366
-115.73488
-115.22366
-115.23004
-115.66475
-115.21744
-115.22202
-115.22521
-115.22677
-115.66467
-115.21861
-115.02547
-115.6699
-115.23232
-115.21767
-115.22834
-115.21561
-115.22446
-115.21854
-115.22668
-115.22933
-115.22456
-115.21873
-115.66933
-115.2191
-115.22776
-115.22126
-115.22102
-115.22842
-116.34151
-115.02905
-115.02842
-115.22401
-115.21953
-115.23036
-115.21864
-115.22945
-115.21882
-115.22489
-115.66778
-119.58176
-115.22063
-115.22131
-115.22734
-115.21274
-115.21998
-115.21435
-115.03129
-115.03022
-115.02099
-115.03065
-115.0326
-115.02631
-115.03245
-115.2235
-115.12167
-115.12741
-115.13333
-115.13953
-115.1459
-115.15219
-115.12711
-115.13316
-115.13293
-115.15182
-115.12675
-115.13276
-115.13892
-115.14522
-115.12709
-115.15146
-115.66961
-115.21355
-115.22364
-115.22869
-115.22733
-117.53024
-117.52804
-115.13203
-115.14133
-115.13655
-115.1461
-115.15087
-115.15565
-115.14236
-115.14711
-115.15189
-115.14507
-115.1403
-115.13927
-115.14404
-115.22383
-115.21341
-115.21811
-115.0097
-115.02856
-115.03331
-115.03229
-115.02961
-115.03435
-115.0306
-115.03627
-116.20777
-116.2082
-116.21452
-116.21564
-116.20679
-115.1393
-115.13373
-115.13918
-115.13393
-115.13457
-116.21442
-116.21114
-115.13506
-115.22999
-115.22722
-115.23293
-115.14158
-115.12962
-115.13237
-115.13558
-115.13394
-115.12806
-115.00697
-115.03262
-116.20863
-116.21037
-116.20481
-116.21325
-116.20789
-116.20837
-115.02903
-115.03626
-115.02692
-115.03235
-115.03062
-115.02666
-115.04119
-115.03454
-115.0349
-115.02744
-115.03813
-115.02795
-115.03241
-115.02906
-115.00117
-115.03262
-115.02782
-115.02303
-115.01831
-115.03388
-115.02906
-115.03149
-115.03649
-115.04141
-115.03024
-115.03519
-115.04005
-115.00476
-115.92238
-115.9213
-115.91652
-115.92715
-115.92822
-115.92343
-115.91865
-115.91759
-115.63132
-115.62309
-115.62786
-115.57812
-119.24339
-119.24426
-119.29607
-115.6392
-115.64529
-115.64644
-115.64181
-115.64983
-115.64388
-115.64024
-115.9211
-115.91695
-115.91495
-120.9933
-121.08282
-118.54903
-120.98927
-120.99449
-120.8981
-120.89141
-120.88949
-120.8972
-120.89055
-120.891
-120.14661
-115.61369
-115.68117
-115.68034
-115.59634
-115.6013
-115.60625
-115.59553
-115.62015
-115.66487
-115.60054
-115.61442
-115.66908
-115.61931
-115.60885
-115.61858
-115.66826
-115.60802
-115.65243
-115.65742
-115.66245
-115.6675
-115.65667
-115.66168
-115.66096
-115.62962
-115.63453
-120.15533
-120.46503
-120.89412
-120.89565
-115.62191
-115.63315
-115.63384
-120.99429
-118.6563
-115.03402
-120.68065
-120.89425
-120.52406
-120.67271
-120.66873
-120.67371
-120.67868
-120.67966
-120.66972
-120.67469
-120.67567
-120.89327
-120.14156
-120.13632
-120.67455
-120.89369
-120.67372
-120.68909
-120.69415
-120.68409
-120.68948
-120.68451
-120.67958
-120.67915
-120.67979
-120.66925
-120.69455
-120.89767
-120.99155
-120.98919
-120.99824
-120.98736
-120.99285
-120.99508
-115.01891
-115.01906
-115.02491
-115.03067
-115.0024
-115.66503
-115.65954
-115.67054
-115.67564
-115.67023
-115.66698
-115.73322
-120.12946
-120.12089
-120.12015
-120.99349
-120.98557
-120.98732
-120.99252
-120.98801
-120.98634
-120.98462
-115.65607
-115.673
-115.65852
-120.99509
-115.66947
-120.98901
-120.99449
-115.66178
-120.99138
-115.03411
-120.67149
-120.68954
-120.6819
-120.69225
-120.68461
-120.6769
-120.69491
-120.43266
-115.02991
-115.03304
-115.02258
-115.03387
-115.02505
-115.03784
-115.02823
-115.02872
-115.02906
-115.02339
-115.01389
-115.03333
-115.02421
-115.00902
-115.03474
-115.02361
-115.04029
-115.04108
-115.02843
-115.00413
-120.68252
-120.68112
-120.66869
-120.67701
-115.00494
-120.98639
-120.99456
-120.99333
-120.99767
-120.99209
-120.99651
-120.99084
-120.99539
-120.98846
-120.98509
-120.53867
-120.51527
-120.51396
-120.51826
-120.89304
-120.54553
-120.51269
-120.68335
-120.68874
-120.70015
-120.89849
-120.69723
-120.70543
-120.98794
-120.99065
-120.99538
-120.97933
-120.99725
-115.01814
-115.03231
-115.02742
-115.02066
-115.02621
-115.00181
-115.01636
-115.02248
-115.01064
-115.00613
-115.03723
-115.02324
-115.00317
-120.69553
-120.68842
-120.68126
-120.70454
-120.69736
-120.69032
-120.69923
-120.67941
-115.00582
-120.99086
-120.99332
-120.97775
-120.98804
-120.98293
-120.98422
-120.99485
-120.98949
-115.02901
-115.01662
-115.01724
-115.03542
-115.03853
-115.03111
-115.02754
-115.03138
-115.02406
-115.02749
-115.01342
-115.03984
-115.00178
-115.02369
-115.02018
-115.02011
-123.28717
-115.73127
-123.29968
-123.30419
-123.30248
-123.29935
-123.30307
-120.98384
-120.98742
-120.99302
-120.99834
-120.99461
-120.98911
-120.97472
-120.97619
-120.98067
-120.98222
-120.69963
-120.98827
-120.99753
-120.98945
-120.99922
-120.7269
-120.72204
-120.7233
-120.72818
-120.97529
-120.99036
-120.99546
-120.9943
-120.99944
-120.9892
-120.98806
-120.97244
-120.97971
-120.96735
-120.99314
-120.99826
-120.97862
-120.98692
-120.98307
-120.98419
-120.99199
-120.97921
-120.98533
-120.98032
-120.98143
-120.98645
-120.98254
-120.9971
-120.97354
-120.98364
-120.98474
-120.97752
-120.99206
-120.99599
-120.98981
-120.99375
-120.98869
-120.99265
-120.98756
-120.99661
-120.97135
-120.97641
-120.96841
-120.872
-120.86691
-115.73296
-115.66634
-115.66629
-123.30984
-123.30421
-123.30886
-123.27506
-123.28444
-123.29849
-123.30318
-123.30784
-123.28811
-123.29747
-123.30214
-123.2804
-123.31143
-123.30414
-115.01141
-115.02258
-115.03913
-115.03943
-115.03391
-115.01398
-115.0199
-115.02547
-115.03622
-115.04159
-123.30181
-120.98077
-120.96657
-120.98061
-120.98428
-120.98168
-120.97119
-120.9794
-120.97251
-120.98255
-120.98602
-120.97739
-120.97436
-120.97843
-120.99695
-120.99903
-120.98866
-120.99981
-120.99445
-120.99767
-120.98769
-120.99228
-120.99509
-120.99057
-123.30174
-120.99126
-120.98701
-120.98341
-120.98219
-120.98084
-120.98322
-120.97935
-121.00042
-120.99397
-120.98806
-120.9784
-120.97451
-120.97697
-120.97295
-120.97531
-120.97111
-120.96676
-120.97321
-120.96867
-120.97754
-120.96413
-115.03474
-115.00224
-115.0189
-115.04069
-115.01351
-115.01911
-115.00622
-115.01344
-115.00634
-115.01974
-115.04173
-115.04283
-115.03547
-115.0104
-121.05954
-120.73034
-120.72844
-120.95895
-120.96966
-120.97515
-120.96425
-120.96304
-120.96847
-120.974
-120.97843
-120.97284
-120.97169
-120.97726
-120.98654
-120.98212
-120.98109
-120.9909
-120.98758
-120.98649
-120.9818
-120.98296
-120.98409
-120.97958
-120.98072
-120.98189
-120.98307
-120.97869
-120.97332
-120.99634
-120.99741
-120.99199
-120.99844
-120.98756
-120.99302
-120.9875
-120.98865
-120.98979
-120.99522
-120.9614
-120.96676
-120.97211
-120.97752
-120.9547
-120.96017
-120.96552
-120.97089
-120.97631
-115.73287
-115.66696
-115.00409
-115.00018
-115.00558
-115.00288
-115.04245
-115.04382
-115.04169
-115.04306
-115.04474
-115.02915
-115.00701
-115.01225
-115.01734
-115.01093
-115.01618
-115.02152
-115.00962
-123.2843
-123.28486
-123.29644
-123.30188
-123.28564
-123.29709
-123.28159
-123.30981
-122.68867
-115.00565
-115.00155
-115.01907
-115.02633
-115.04252
-115.03825
-115.04643
-115.01398
-115.02823
-115.03268
-115.0416
-115.01119
-115.03234
-120.99036
-120.98097
-120.98255
-120.97363
-120.94974
-120.95977
-120.97432
-120.96686
-120.96033
-120.97478
-120.95284
-120.96765
-120.96062
-120.96798
-120.97576
-120.96945
-115.03992
-115.04285
-115.00407
-115.04243
-115.02972
-115.03419
-115.04301
-115.02213
-123.30855
-120.98635
-120.97937
-120.96043
-120.9644
-120.95914
-120.95744
-120.95593
-120.97668
-120.97157
-120.9752
-120.96996
-120.9647
-120.95951
-120.97334
-120.97362
-120.96205
-120.96571
-120.95496
-120.98258
-120.96838
-120.9803
-120.98568
-120.97949
-120.97985
-120.98112
-120.98535
-120.95813
-120.95661
-120.97538
-120.97012
-120.97173
-120.97691
-120.97522
-120.97093
-120.96955
-120.96162
-120.97664
-121.3667
-121.3615
-121.35626
-121.36738
-121.36216
-121.35696
-121.37257
-121.35156
-121.36805
-121.36283
-121.35765
-121.37327
-121.35231
-121.36354
-121.35839
-121.35316
-121.35913
-121.35394
-115.00257
-115.00359
-115.04118
-115.01422
-115.0191
-115.02384
-115.04202
-115.02638
-115.04337
-115.03758
-115.0424
-115.03652
-115.04135
-115.0201
-122.10597
-122.10098
-123.29438
-123.33461
-121.35999
-121.36663
-121.35345
-121.36378
-121.35716
-121.36768
-121.36095
-121.35424
-120.9747
-120.98145
-120.98065
-120.96925
-120.96824
-120.97565
-122.10178
-122.10271
-121.35981
-121.35596
-121.35687
-121.36253
-120.96676
-120.95486
-120.96561
-120.95609
-120.96146
-120.95727
-120.96788
-120.97418
-120.97524
-120.98146
-120.98756
-120.89883
-120.96948
-120.9644
-120.96884
-120.94942
-120.95805
-120.96668
-120.97139
-120.95392
-120.95161
-120.95592
-120.9744
-120.96473
-120.98341
-115.66663
-115.73555
-122.10679
-120.98344
-120.96399
-120.98702
-120.96993
-120.96575
-120.98201
-120.96814
-120.97987
-120.97164
-120.97565
-120.96335
-120.96755
-120.9613
-120.97395
-120.95352
-116.38153
-117.42879
-117.42774
-116.38249
-120.95566
-120.95469
-120.98759
-120.96181
-120.96291
-120.95775
-120.96815
-120.97343
-120.97455
-120.97041
-120.97818
-120.97687
-120.97569
-120.98065
-120.96404
-120.96929
-120.98222
-120.98348
-120.98097
-120.98627
-115.03954
-120.96415
-120.96997
-120.97911
-115.66539
-115.66748
-120.72485
-120.97916
-120.97113
-120.97614
-120.98563
-120.98094
-120.97256
-120.96748
-120.9622
-120.96074
-120.96598
-120.98399
-115.03599
-115.04018
-123.23303
-117.42833
-116.37218
-116.38246
-120.96683
-120.96584
-120.94884
-120.96725
-120.94676
-120.96873
-120.22243
-115.99082
-115.98528
-115.9894
-115.98261
-115.98338
-120.72633
-120.72491
-120.97104
-120.96201
-120.95777
-120.97258
-120.96736
-120.98032
-120.95229
-120.96022
-120.95471
-120.95352
-120.97514
-120.96564
-120.97901
-120.97381
-115.9882
-115.98219
-115.98366
-115.66975
-115.98888
-115.9827
-115.99038
-115.98421
-117.42385
-117.42445
-123.3142
-123.30831
-123.32248
-123.32135
-120.96976
-120.95841
-120.9604
-120.95067
-120.96812
-120.96748
-120.95124
-120.95796
-120.95985
-120.95664
-117.42548
-117.42068
-117.42169
-120.97363
-120.97809
-120.95865
-120.95163
-120.9531
-120.96886
-120.95716
-120.96249
-120.9783
-120.96392
-120.72616
-120.72263
-116.17462
-116.17596
-120.73317
-120.72265
-120.73222
-120.72832
-120.72642
-116.18011
-116.18137
-117.43208
-115.01482
-115.02096
-117.43139
-115.72976
-115.66618
-123.30772
-123.32121
-116.17891
-116.17713
-116.17683
-115.89253
-115.88671
-115.88161
-115.89832
-116.17979
-115.89875
-115.88728
-115.89312
-118.49269
-118.49399
-118.50295
-118.50793
-118.50159
-118.50028
-118.50667
-118.49903
-118.50552
-118.51196
-117.43372
-117.43105
-115.25487
-117.43602
-117.43486
-117.4387
-117.43236
-117.43984
-115.88857
-115.89973
-115.88953
-115.89267
-115.89365
-115.89876
-115.89461
-116.17898
-115.73232
-115.66588
-118.50901
-118.49884
-118.50648
-118.50616
-118.49976
-118.50187
-118.49395
-118.49273
-117.44107
-117.4397
-117.43382
-115.90065
-115.90522
-115.8955
-115.89996
-115.91037
-118.60868
-118.58624
-118.59354
-118.58618
-118.60867
-117.4386
-117.43533
-117.43676
-117.44029
-118.60936
-118.50497
-118.51051
-118.50381
-118.50282
-118.50163
-118.49477
-118.49608
-118.48908
-118.49045
-118.4972
-118.58882
-118.58743
-115.89328
-115.89962
-115.9062
-115.8998
-118.50847
-118.50106
-118.57114
-118.51967
-118.61562
-118.59593
-118.60256
-118.60892
-118.49195
-118.48709
-118.49377
-118.58335
-118.58921
-115.89581
-115.90334
-117.43105
-117.43597
-117.4334
-117.43449
-117.43296
-118.61034
-118.59663
-118.60297
-118.50268
-118.50856
-118.50116
-118.58443
-118.59033
-118.57886
-118.5833
-118.58917
-118.60891
-118.60255
-118.59592
-118.61568
-118.49212
-118.4924
-118.49071
-118.57111
-118.49755
-118.48895
-118.49565
-115.63405
-118.49389
-118.48727
-118.51977
-118.61174
-118.61704
-118.60912
-118.60442
-115.66498
-115.7351
-118.48814
-118.59968
-118.60464
-118.60853
-118.49206
-118.48672
-118.49352
-118.60197
-118.61096
-118.49121
-118.49769
-118.49271
-118.48721
-118.51997
-118.49407
-118.48893
-118.5743
-118.5666
-118.59423
-118.58805
-118.581
-118.49933
-118.50436
-118.50677
-118.51138
-118.50227
-118.50299
-118.50748
-118.51215
-118.49844
-115.92578
-118.52269
-118.49347
-118.57265
-118.49789
-118.49052
-118.4864
-118.59315
-118.57811
-118.60901
-118.51132
-118.5186
-118.51022
-118.48756
-118.4894
-118.4853
-117.43456
-117.43597
-117.43464
-117.4297
-117.43349
-117.42854
-117.42458
-117.43568
-117.4284
-117.43226
-118.58081
-118.58517
-118.57957
-118.58426
-118.58958
-118.57884
-118.58409
-118.57872
-118.58144
-118.58633
-118.48699
-118.48022
-118.59214
-118.57609
-118.5296
-118.52257
-118.57122
-118.48505
-118.48326
-118.4862
-118.49213
-118.58081
-118.57573
-118.58095
-118.57177
-118.51787
-118.57388
-118.52687
-118.51984
-118.56947
-118.52213
-118.57428
-118.56887
-118.57953
-118.57483
-118.57056
-118.57761
-118.57312
-118.58281
-117.42379
-117.42902
-117.43381
-117.42721
-117.43147
-115.6684
-117.59176
-117.58757
-117.58628
-118.57307
-118.58321
-118.57576
-118.48244
-118.48751
-118.47813
-118.49299
-118.48597
-118.48428
-118.56743
-118.489
-118.5009
-118.58125
-118.5274
-118.48298
-118.58672
-118.48485
-118.5854
-118.57832
-118.57336
-117.5883
-117.59312
-117.25454
-117.25013
-117.05254
-117.25352
-119.47891
-119.48053
-117.42614
-117.24963
-117.25065
-116.28624
-117.42931
-118.48354
-118.4798
-115.92827
-118.48283
-118.48837
-115.92734
-115.92139
-115.92262
-115.92718
-115.9235
-118.48409
-119.66807
-119.66673
-119.44579
-119.44444
-118.52513
-118.57716
-118.57837
-118.53206
-118.53336
-118.57196
-118.51949
-118.51826
-118.52262
-118.51702
-118.52386
-118.51267
-118.57072
-118.58794
-118.46912
-118.49258
-118.47619
-118.4765
-118.47347
-118.47659
-118.46862
-118.46193
-118.50985
-118.48058
-118.48295
-118.46111
-118.46777
-115.23048
-119.46069
-119.44995
-119.45764
-118.5267
-118.57272
-118.57957
-118.57034
-118.52055
-118.50964
-118.56626
-118.57681
-118.51417
-118.51251
-118.51837
-118.5687
-118.53068
-118.57841
-118.57072
-118.57263
-120.72578
-118.51684
-118.52304
-118.50994
-118.52461
-118.51172
-118.50463
-118.52603
-118.51329
-118.51975
-120.7291
-120.73235
-118.49986
-118.46439
-118.46261
-118.47012
-118.46833
-118.46626
-118.46803
-118.46989
-118.48283
-118.47646
-118.47818
-118.50063
-118.49931
-118.51601
-118.50176
-118.47339
-118.50832
-118.51469
-118.45851
-118.50674
-118.47977
-118.48612
-118.47869
-118.48029
-118.47334
-118.48186
-118.47523
-118.47186
-118.48332
-118.47687
-118.47832
-118.48127
-118.47489
-118.47679
-118.48457
-118.49294
-118.58177
-119.40157
-119.4102
-119.44997
-119.45817
-119.45522
-119.45817
-119.45135
-115.5235
-115.52848
-115.61996
-115.53355
-115.51385
-115.6183
-115.53206
-115.6167
-115.62337
-115.5371
-115.61513
-115.53558
-115.51586
-115.51436
-115.53408
-115.53259
-115.526
-115.51941
-115.5245
-119.41257
-119.39852
-121.28152
-119.41459
-117.41935
-117.41333
-116.17081
-118.57877
-118.57204
-118.5186
-118.50914
-118.50717
-118.48167
-118.48127
-118.46262
-118.46107
-118.47353
-117.25861
-117.24506
-117.25393
-117.2461
-117.24994
-117.2548
-117.26074
-117.25146
-117.23748
-115.63297
-115.62177
-115.62048
-115.62315
-115.63346
-115.61572
-115.6258
-115.61505
-115.62508
-115.62438
-115.6238
-115.61386
-115.62415
-115.61419
-115.612
-115.62112
-115.62269
-118.46402
-118.46396
-118.465
-118.47463
-118.49828
-118.49995
-118.50145
-118.50139
-118.49416
-118.47332
-118.5782
-118.52258
-118.53377
-120.88956
-118.50862
-118.5163
-118.52267
-118.52808
-118.50856
-118.5275
-118.52802
-118.50859
-118.51678
-120.73018
-120.72842
-120.72466
-119.40108
-119.40607
-119.41606
-119.42107
-119.41146
-119.3999
-119.4049
-119.4079
-119.40992
-119.39759
-119.41494
-119.41996
-119.39876
-119.40376
-119.4138
-119.41884
-119.41265
-119.42268
-119.46527
-119.39646
-119.45582
-119.45717
-119.46135
-119.42012
-119.4602
-119.41647
-119.40261
-119.40144
-119.40179
-119.40678
-119.41176
-119.40066
-119.40564
-119.41064
-119.41564
-119.41449
-119.41768
-119.414
-119.39951
-119.4045
-119.40949
-119.4284
-119.39838
-119.42147
-119.40337
-119.40835
-119.42337
-119.39722
-119.40222
-119.45905
-119.41511
-119.41288
-119.40721
-119.4172
-119.42224
-118.51279
-118.52792
-118.50621
-118.50747
-118.50878
-118.51913
-118.51157
-118.514
-118.51669
-118.52172
-118.51791
-118.52669
-118.50347
-118.50488
-118.52535
-118.51006
-118.50496
-118.51032
-118.52544
-118.51546
-118.52045
-120.72825
-120.73344
-120.72935
-115.91161
-115.91006
-118.57341
-118.5667
-118.57745
-118.57208
-120.72713
-120.72604
-120.72083
-118.53296
-118.5317
-118.56804
-118.49955
-118.50083
-120.89138
-120.8925
-120.88747
-118.52293
-118.4584
-118.46377
-118.46246
-115.91319
-118.45172
-118.45708
-118.46115
-118.46655
-118.47583
-118.49328
-118.48803
-118.48265
-118.47723
-118.47179
-118.49448
-118.50684
-118.50064
-118.48929
-118.48402
-118.50228
-118.50619
-118.50102
-118.47863
-118.47318
-118.47994
-118.4956
-118.49049
-118.48528
-118.47453
-118.47194
-118.47328
-118.47839
-118.47452
-118.49963
-118.45832
-118.4637
-118.46903
-118.45704
-118.4624
-118.46774
-118.45039
-118.45574
-118.46111
-118.46644
-118.47037
-121.69801
-118.44379
-118.4491
-118.45441
-118.45977
-118.46511
-118.46907
-115.92307
-118.456
-118.45068
-118.4665
-118.4679
-118.46272
-118.45749
-118.4522
-118.46925
-118.57454
-118.5187
-118.48055
-118.47549
-118.47675
-118.47168
-118.4831
-118.47802
-118.47292
-118.48817
-118.47928
-118.4742
-118.48943
-118.48436
-118.47541
-118.48051
-118.47446
-118.47987
-118.49198
-118.48668
-118.48129
-118.45578
-118.44922
-118.45451
-118.45989
-118.46526
-118.43742
-118.44275
-118.45868
-118.46399
-118.4481
-118.4534
-118.43105
-118.43631
-118.45229
-118.46273
-118.42571
-118.44167
-118.44701
-118.46805
-118.42458
-118.42993
-118.41382
-118.4352
-118.44051
-118.44582
-118.41254
-118.41792
-118.45452
-118.47041
-118.46129
-118.42331
-118.42869
-118.43394
-118.43919
-118.42191
-119.39261
-117.42564
-119.39375
-119.38873
-119.39491
-119.38989
-117.42513
-117.44788
-117.41233
-117.44086
-117.4414
-119.38483
-119.39606
-119.39105
-117.41769
-119.3922
-119.39337
-119.39452
-117.41957
-117.43114
-117.44229
-115.2571
-115.56178
-115.38154
-115.37217
-115.57436
-115.33288
-115.32507
-115.32674
-115.56641
-115.5525
-115.26194
-115.26846
-115.26369
-115.25886
-115.25401
-115.54785
-115.54321
-115.56805
-115.27486
-115.25226
-115.27155
-115.26675
-115.55713
-115.53857
-115.25089
-119.41582
-119.41321
-119.42804
-119.42313
-119.41821
-119.42993
-119.42493
-119.42004
-119.41504
-119.42726
-119.40196
-119.42232
-119.41699
-119.41174
-119.41953
-115.91918
-115.92302
-118.44486
-118.48463
-118.48138
-118.47228
-118.47071
-118.45734
-118.46384
-118.46732
-118.46012
-118.45384
-118.46869
-118.46141
-118.45502
-118.50164
-118.50456
-118.49068
-118.48179
-118.46967
-118.49767
-118.47589
-118.48578
-118.46252
-118.47928
-118.47341
-118.47843
-118.49198
-118.48907
-118.4827
-118.47675
-118.48665
-118.49414
-118.4697
-118.45596
-118.45828
-118.48438
-118.45025
-118.46523
-118.52942
-118.49702
-118.57056
-118.499
-118.51521
-118.50545
-118.51031
-118.57308
-118.50358
-118.50778
-118.50605
-118.50512
-118.50112
-120.89008
-118.52406
-118.53154
-118.52406
-118.52773
-118.52046
-118.49962
-118.48392
-118.51673
-118.48953
-118.51267
-118.47807
-118.49482
-118.4691
-118.47399
-118.47224
-118.47224
-118.4675
-118.48312
-118.46561
-118.46997
-118.47909
-118.47391
-118.49082
-118.47888
-118.47847
-118.48978
-118.4586
-118.47407
-118.48695
-118.46157
-118.44949
-118.4666
-118.45585
-118.46803
-118.46291
-118.45723
-118.46883
-118.45338
-118.46432
-118.45924
-118.47679
-118.48573
-118.48143
-118.46468
-118.49174
-118.47198
-118.47197
-118.50076
-118.45246
-118.4573
-118.46829
-118.44381
-118.44929
-118.47434
-118.50922
-118.47843
-118.48255
-118.47078
-118.47501
-118.47816
-118.43821
-118.45426
-118.47133
-118.49157
-118.49625
-118.45898
-118.50515
-118.46375
-118.44705
-118.45189
-118.46686
-118.47842
-118.48504
-118.49601
-118.44147
-118.48547
-118.45653
-118.45354
-118.45965
-118.47152
-118.44146
-120.7288
-120.73089
-120.7231
-120.71518
-120.72145
-120.72343
-120.71567
-120.72745
-120.72854
-120.71731
-120.72186
-120.73492
-120.73428
-120.72939
-118.45879
-118.46406
-118.4694
-118.46836
-118.48867
-118.47192
-118.4772
-118.50069
-118.48253
-118.45915
-115.91936
-118.4728
-118.48521
-118.47955
-118.47387
-118.48626
-118.48061
-118.47498
-118.48737
-118.48175
-118.4761
-118.47724
-118.47154
-115.91447
-115.92426
-115.90959
-115.91555
-115.88799
-115.89285
-115.91227
-118.45652
-118.46197
-118.46755
-118.42879
-118.43416
-118.43958
-118.44498
-118.45029
-118.45564
-118.46105
-118.46665
-118.42798
-118.43339
-118.43883
-118.44425
-118.44961
-118.45492
-118.46033
-118.46584
-118.45955
-118.4489
-118.46499
-118.47041
-118.46952
-118.46861
-118.46761
-118.46658
-115.91714
-115.8977
-118.47549
-118.47452
-118.47407
-118.4731
-118.48811
-118.47127
-118.47649
-118.4817
-118.48704
-118.49252
-118.49825
-118.4756
-118.48602
-118.49142
-118.49695
-118.48078
-118.48508
-118.49039
-118.47472
-118.4799
-118.49589
-115.88584
-115.89663
-115.89178
-115.89393
-118.47384
-118.41002
-118.47902
-115.89879
-118.48422
-118.48953
-118.49497
-118.49415
-118.47287
-118.47811
-118.48336
-115.8869
-115.88206
-118.46501
-118.47044
-118.48789
-118.45779
-118.46304
-115.9085
-115.91338
-115.91826
-118.504
-118.5005
-118.50501
-118.49959
-115.90364
-118.46201
-115.92047
-118.45485
-118.44954
-118.4582
-118.4614
-118.46031
-118.46561
-118.45367
-118.46461
-118.46997
-118.43649
-118.44186
-118.45805
-118.44723
-118.4526
-118.46349
-118.469
-118.44674
-118.45215
-118.45761
-118.46307
-118.46854
-118.41908
-118.42433
-118.42963
-118.43506
-118.44047
-118.44582
-118.45116
-118.41821
-118.42348
-115.90254
-115.90742
-115.90148
-115.90633
-117.43295
-117.44264
-117.42214
-117.43191
-117.42809
-117.44644
-117.44418
-117.44904
-117.44308
-118.5144
-120.72016
-120.72011
-120.72818
-120.72828
-120.72851
-120.729
-120.72947
-120.72997
-120.88768
-120.88846
-115.89346
-115.88863
-115.89452
-115.88966
-115.88477
-115.90417
-115.89935
-115.9101
-115.90041
-115.89557
-115.89072
-115.90525
-115.91118
-118.4591
-118.47116
-118.47657
-118.47011
-118.47557
-118.46378
-118.52699
-118.57091
-118.56998
-118.57526
-118.58072
-118.57436
-118.57975
-118.48828
-118.48291
-118.49452
-118.48922
-118.49532
-118.49015
-118.48489
-118.47956
-118.46891
-118.50061
-118.50145
-118.49624
-118.49107
-118.4858
-118.48042
-118.47508
-118.46976
-118.5024
-118.49722
-118.49198
-118.48665
-118.4813
-118.47597
-118.49822
-118.49299
-118.48763
-118.48229
-118.47702
-118.49923
-118.49403
-118.48343
-118.48873
-118.50028
-118.49506
-118.48977
-118.48448
-118.46825
-118.46278
-118.50131
-118.49608
-118.49076
-118.48538
-118.47453
-118.46898
-118.46349
-118.50235
-118.49709
-118.49172
-118.4863
-118.48087
-118.47538
-118.46988
-118.46442
-118.498
-118.49261
-118.48711
-118.48172
-118.4763
-118.46552
-118.47089
-118.49879
-118.49336
-118.57348
-118.57883
-118.57253
-118.57785
-118.57156
-118.57687
-118.50777
-118.52036
-118.50874
-118.50333
-118.52138
-118.51545
-118.50441
-118.52727
-118.50977
-118.52829
-118.52242
-118.51649
-118.5108
-118.50548
-118.51186
-118.50653
-118.52342
-118.50759
-118.51863
-118.5033
-118.51404
-118.50863
-118.50961
-118.50419
-118.45815
-118.45279
-118.44742
-118.45381
-118.44847
-117.99385
-117.99481
-118.39835
-119.40628
-119.42511
-119.41717
-119.40203
-119.41199
-119.40678
-119.40157
-119.42606
-119.42233
-119.42751
-119.40064
-119.41814
-119.4233
-119.41103
-119.41621
-119.42139
-119.41295
-119.40489
-119.43028
-119.41525
-119.40773
-119.40958
-119.41959
-119.41862
-119.41245
-119.46104
-119.40395
-119.41572
-119.3978
-119.41478
-119.41996
-119.40251
-119.42416
-119.41338
-119.41855
-119.4209
-119.419
-119.41383
-119.40341
-119.40863
-119.42847
-118.45775
-118.46568
-118.4755
-118.45222
-118.46278
-118.47102
-118.4699
-118.48324
-118.49271
-118.47387
-118.4893
-118.49741
-118.4938
-118.48824
-118.46701
-118.47932
-118.49245
-118.48393
-118.49283
-118.50242
-118.474
-118.48357
-118.49384
-118.48665
-118.51025
-118.48183
-118.49497
-118.47306
-118.47758
-118.52262
-118.50358
-118.51001
-118.51749
-118.52323
-118.50425
-118.51359
-118.51946
-118.52062
-118.51453
-120.73135
-118.44306
-118.45613
-120.71655
-120.7354
-118.46739
-118.51682
-118.49828
-118.47937
-118.48906
-118.50139
-118.46271
-118.47213
-120.72067
-118.47657
-120.72463
-118.53366
-118.5294
-118.57552
-118.47179
-120.73198
-120.71414
-118.5266
-120.71915
-120.72306
-120.72681
-120.71112
-120.7228
-120.72662
-120.71114
-118.51366
-118.47159
-118.46641
-118.49709
-118.4827
-118.47746
-118.49252
-118.4877
-118.50208
-118.49024
-118.47205
-118.46755
-118.4865
-118.47186
-118.57435
-118.46671
-118.46451
-118.47459
-118.46976
-118.47033
-117.87843
-116.3216
-116.31964
-118.46947
-118.46332
-118.46861
-118.46266
-118.46769
-118.462
-118.48698
-118.48176
-118.48519
-118.47391
-118.478
-118.47295
-118.47192
-118.47716
-118.48972
-118.43974
-118.47759
-118.5238
-118.51326
-118.51901
-118.50889
-118.52821
-118.52329
-118.51374
-118.46534
-118.47179
-118.50825
-118.51852
-118.49139
-118.49235
-118.52285
-118.46754
-118.47424
-118.49617
-118.51804
-118.48332
-118.41674
-118.46814
-117.6923
-117.71745
-117.70911
-117.70057
-117.71696
-117.71778
-117.72582
-117.70868
-117.70937
-117.72589
-117.71811
-117.70063
-117.70889
-117.6923
-115.66657
-115.73331
-120.72403
-120.73077
-120.72118
-120.73222
-120.72851
-120.7223
-120.71933
-115.8807
-115.89955
-115.91069
-115.88794
-115.91147
-115.88702
-115.89328
-115.86595
-115.88487
-115.88899
-115.87371
-115.87826
-115.87926
-115.87516
-115.88579
-115.8727
-115.86397
-115.86492
-115.8584
-115.88155
-115.86962
-115.90215
-115.89013
-115.8838
-115.8772
-115.89111
-115.87058
-115.89709
-115.90305
-115.87164
-115.87613
-117.59908
-115.88651
-115.86372
-115.87297
-115.90218
-115.53641
-115.86727
-115.90105
-115.86649
-115.8601
-115.86568
-115.88737
-115.85921
-115.86993
-115.87531
-115.86891
-115.88083
-115.86472
-115.87957
-115.86746
-115.6685
-115.66714
-115.87356
-115.18314
-115.17812
-119.41722
-117.70432
-115.66957
-120.88709
-120.90211
-120.89414
-120.89268
-120.89189
-120.88491
-120.90067
-120.90131
-120.88567
-120.89345
-120.88637
-120.90144
-120.88559
-120.89338
-120.89487
-117.45085
-117.44998
-117.44909
-117.44815
-117.45181
-117.42178
-115.66637
-115.73351
-115.56717
-117.45258
-117.44701
-115.66861
-117.42382
-117.45078
-117.45309
-117.44898
-117.45208
-116.26305
-116.26643
-116.29706
-116.25899
-116.25191
-116.37125
-116.29317
-117.45358
-117.4481
-117.45207
-117.4465
-116.37003
-117.45579
-117.4502
-116.36267
-116.28864
-116.28972
-116.28252
-116.28322
-116.29044
-115.86954
-117.44857
-117.45522
-115.66964
-117.42491
-117.45116
-117.45486
-117.42185
-117.42666
-117.41811
-116.26388
-116.26908
-116.27001
-116.26293
-116.54146
-117.45607
-117.45965
-117.41139
-120.07088
-120.06969
-117.4203
-117.46075
-115.66898
-115.66957
-117.45779
-117.45798
-117.4482
-117.45358
-117.46237
-117.42031
-117.41523
-117.45997
-115.66747
-115.66618
-117.46207
-117.45645
-117.41181
-117.41753
-117.41852
-117.41677
-117.46512
-117.45318
-117.45875
-117.45574
-117.45904
-117.46458
-117.42576
-117.45261
-117.45621
-117.45925
-117.41789
-117.41269
-117.42709
-117.41016
-117.46192
-117.46063
-117.466
-117.45389
-117.46464
-117.45259
-117.45789
-117.4632
-117.45133
-117.45017
-117.45327
-117.44796
-115.73219
-115.66891
-115.66795
-116.33566
-116.33784
-116.3317
-116.29436
-116.34175
-116.17931
-116.22706
-116.27847
-116.34389
-116.33171
-116.33779
-116.23393
-116.2278
-116.22403
-119.40877
-119.40639
-117.46089
-117.46663
-117.41513
-117.411
-117.41248
-117.41687
-117.41383
-117.40977
-117.41387
-117.46487
-117.44879
-117.46339
-116.29274
-116.156
-116.28942
-116.28422
-116.29005
-116.28496
-116.29077
-116.28695
-116.29658
-116.37257
-116.37325
-116.29056
-117.40117
-117.46548
-117.47157
-117.45999
-117.46238
-117.46767
-115.66738
-115.73647
-118.4595
-118.45567
-118.45526
-118.46007
-118.46104
-118.45716
-117.46808
-116.25005
-116.24919
-116.24833
-117.45219
-117.45712
-117.46571
-116.29341
-117.45123
-117.46099
-117.4561
-117.45505
-117.45988
-117.47286
-117.46342
-117.47185
-117.46695
-117.43695
-117.40282
-117.42106
-117.41142
-117.40665
-117.40182
-117.41512
-117.40086
-117.39603
-117.3951
-116.1847
-116.28913
-116.18292
-120.88389
-120.73363
-116.29281
-115.66496
-115.66577
-118.43351
-118.42991
-118.44801
-118.44432
-118.43727
-118.43372
-118.43015
-118.42659
-118.4408
-118.42298
-118.445
-118.44134
-118.43769
-118.43411
-118.4487
-118.4305
-118.44987
-118.44597
-118.44213
-118.43827
-118.44261
-118.43859
-118.45081
-118.44667
-118.45387
-118.45794
-118.45502
-120.73333
-120.73431
-120.73086
-120.73493
-117.47229
-117.46891
-117.47572
-117.47525
-117.47231
-117.47691
-118.43414
-118.44937
-118.44372
-118.43791
-118.44116
-118.44909
-118.44417
-119.40744
-118.42177
-118.42686
-118.423
-118.42809
-118.43317
-118.43824
-118.44335
-118.42422
-118.42929
-118.43436
-118.4445
-118.44965
-118.43052
-118.44061
-118.45082
-118.43987
-118.43591
-118.44109
-118.44637
-118.45167
-118.43708
-118.44225
-118.45276
-118.46455
-116.24285
-116.2577
-116.24393
-116.20086
-116.19974
-116.24888
-117.37616
-117.37723
-116.24818
-116.24323
-117.38802
-117.39874
-117.4635
-117.46552
-116.20359
-116.19863
-116.20248
-116.19257
-116.18762
-116.24777
-116.25275
-116.18652
-116.19147
-116.19642
-116.20138
-116.19753
-116.28516
-116.41145
-116.42142
-116.42641
-116.41642
-116.41817
-116.42317
-118.43716
-118.43134
-118.43726
-118.43111
-118.42507
-118.42485
-118.41901
-118.41898
-118.41263
-118.42316
-118.43157
-118.42552
-118.4338
-118.42783
-118.42189
-118.42406
-118.43014
-118.41595
-118.41014
-118.41808
-118.41225
-118.42127
-118.42297
-118.43142
-118.40948
-118.4163
-115.53522
-117.42535
-115.04845
-118.44456
-118.42886
-118.43022
-118.42462
-118.43719
-118.43159
-118.4385
-118.43297
-118.42739
-118.42181
-118.42879
-118.44533
-118.43988
-118.43436
-118.42316
-118.42455
-118.4616
-118.41624
-118.41757
-118.41206
-118.40653
-115.66584
-118.42477
-118.42843
-118.42106
-118.44244
-118.4109
-118.41479
-118.41869
-115.53548
-118.42805
-118.454
-118.45469
-118.41682
-117.40505
-117.40611
-118.42946
-118.42471
-118.42668
-118.4465
-118.42284
-118.4285
-118.42374
-118.43414
-118.42939
-118.42464
-118.4398
-118.43506
-118.43031
-118.43597
-118.43121
-118.42644
-118.42167
-118.43687
-118.42735
-118.45124
-118.44646
-118.44166
-118.43209
-118.4226
-118.43299
-118.42824
-118.4235
-118.42914
-118.4339
-118.45698
-118.41692
-118.41782
-118.41305
-118.40827
-118.40347
-118.41875
-118.41396
-118.40919
-119.41246
-121.67959
-115.66501
-115.73089
-115.04892
-115.04541
-118.42989
-118.4276
-118.43294
-118.43658
-118.44231
-118.42758
-118.43645
-118.44218
-118.44611
-115.04836
-115.5333
-118.43179
-118.45089
-118.42816
-118.4234
-118.42917
-118.43489
-118.42984
-118.43551
-118.42409
-118.43043
-118.44153
-118.44693
-118.45625
-118.46141
-118.45668
-118.40674
-118.41775
-118.41222
-118.40746
-118.41291
-118.41845
-115.05099
-116.2827
-115.5349
-118.4295
-118.44839
-118.4301
-118.42409
-118.44869
-118.42476
-118.43057
-118.4245
-118.44942
-118.42519
-118.44975
-118.42583
-118.45052
-118.44444
-118.43249
-118.42648
-118.43317
-118.42711
-118.44002
-118.43384
-118.4277
-118.44075
-118.43447
-118.42831
-118.4413
-118.43504
-118.42894
-118.42287
-118.43566
-118.42955
-118.42345
-118.43025
-118.42399
-118.45507
-118.46179
-118.45616
-118.46292
-118.46343
-118.45685
-118.4191
-118.41975
-118.40977
-118.41603
-118.40345
-118.40421
-118.41673
-117.47878
-117.40768
-115.71746
-115.66524
-118.44944
-118.44771
-118.43824
-118.44396
-118.4593
-118.45573
-117.47986
-117.4805
-121.82048
-120.25791
-120.25883
-115.05413
-117.47823
-117.47933
-118.42622
-118.42178
-118.42265
-118.42799
-118.44925
-118.42354
-118.42887
-118.43418
-118.44486
-118.42973
-118.422
-118.42809
-118.42288
-118.42369
-118.42895
-118.42454
-118.43508
-118.42191
-118.42722
-118.4325
-118.43859
-118.44381
-118.44462
-118.45061
-118.42536
-118.43064
-118.46178
-118.45447
-118.4596
-118.45533
-118.46043
-118.41586
-118.39763
-118.40276
-118.39851
-118.41924
-118.40623
-118.41667
-118.40195
-118.4071
-118.41232
-118.41753
-119.41148
-115.66847
-115.53214
-115.05018
-115.05016
-115.05604
-118.42257
-118.41595
-118.43137
-118.42487
-118.43787
-118.43159
-118.42535
-118.45033
-118.45097
-118.42614
-118.43276
-118.42642
-118.43317
-118.44685
-118.44709
-118.44019
-118.43421
-118.42765
-118.45741
-118.45776
-118.46501
-118.4198
-118.40693
-118.41368
-118.41412
-118.40742
-118.40054
-118.42167
-118.41512
-117.42463
-118.41735
-118.4198
-118.4491
-118.44505
-118.45879
-118.40764
-118.42373
-116.25275
-116.17924
-116.25375
-118.41369
-118.43774
-118.42445
-118.42929
-118.43891
-118.43041
-118.42556
-118.42664
-118.43259
-118.43853
-118.43966
-118.44453
-118.44946
-118.4457
-118.4506
-118.43226
-118.45438
-118.4605
-118.46082
-118.46198
-118.41476
-118.41962
-118.42066
-118.39754
-118.39861
-118.39469
-118.39972
-118.39582
-118.40084
-118.40577
-118.41066
-118.41552
-118.40195
-116.27471
-116.47333
-116.28876
-115.52361
-115.53525
-115.53064
-115.7332
-115.05502
-118.42068
-118.41526
-118.41838
-118.43082
-118.42559
-118.45258
-118.44659
-118.45236
-118.44648
-118.44088
-118.43056
-118.42521
-118.45016
-118.44431
-118.43872
-118.42847
-118.46175
-118.45874
-118.45846
-118.45627
-118.46242
-118.41488
-118.4094
-118.41975
-118.41299
-118.42293
-115.53252
-120.73628
-120.73291
-120.73291
-117.42519
-115.53703
-118.41612
-118.42538
-118.41534
-118.42464
-118.42838
-118.44643
-118.43976
-118.44891
-118.44225
-118.4352
-118.42802
-118.43043
-118.42972
-118.45535
-118.46172
-118.45779
-118.45727
-118.41044
-118.41294
-118.42327
-118.42253
-115.66764
-116.1865
-116.19391
-116.19241
-116.18798
-117.47098
-115.01729
-118.4163
-118.41768
-118.4221
-118.42065
-118.4221
-118.41766
-118.42642
-118.42799
-118.43518
-118.43667
-118.44104
-118.44552
-118.4427
-118.44716
-118.45174
-118.44446
-118.44891
-118.45633
-118.45346
-118.45806
-118.45438
-118.46346
-118.46066
-118.46535
-118.41901
-118.41256
-118.41692
-115.53228
-116.46836
-116.28717
-115.44585
-120.90819
-120.91141
-120.90596
-120.91035
-120.91577
-115.45133
-120.91798
-117.92776
-117.40516
-117.39923
-117.40289
-117.92819
-117.92747
-118.43798
-118.44263
-118.45336
-118.45621
-118.46549
-120.90788
-120.91528
-120.90651
-120.91484
-115.52502
-115.53487
-115.5363
-115.54166
-115.53687
-115.52711
-115.53944
-115.53243
-115.51942
-117.48669
-115.44842
-115.44966
-120.73445
-120.73811
-120.90414
-120.90924
-120.90285
-120.91183
-120.90671
-120.90797
-120.90546
-120.73575
-115.53871
-120.91058
-115.53575
-115.53076
-115.53485
-120.90157
-115.53017
-115.53269
-115.53767
-115.44999
-117.93243
-117.46613
-117.39444
-117.37488
-117.3943
-116.18776
-116.19224
-115.66653
-116.19045
-115.73308
-118.41479
-118.41619
-118.42253
-118.42651
-118.42018
-118.42164
-118.4232
-118.45075
-118.4525
-118.4361
-118.45157
-118.44541
-118.44702
-118.44089
-118.43461
-118.44806
-118.43566
-118.43726
-118.44962
-118.44353
-118.45116
-118.44505
-118.43876
-118.4324
-118.42607
-118.42751
-118.45854
-118.46598
-118.45398
-118.46764
-118.4577
-118.4591
-118.45307
-118.45889
-118.46019
-118.45414
-118.45566
-118.46167
-118.4572
-118.40913
-118.40301
-118.41698
-118.4107
-118.40449
-118.39838
-118.41323
-118.41977
-118.41335
-118.42115
-119.40023
-115.53777
-115.53119
-115.53311
-115.534
-117.46587
-117.47036
-115.05657
-115.055
-115.01443
-118.41588
-118.41936
-118.41599
-118.41947
-118.42633
-118.43157
-118.42112
-118.42433
-118.42746
-118.45255
-118.45138
-118.41973
-118.44818
-118.43195
-118.4352
-118.42345
-118.43881
-118.43548
-118.44218
-118.44798
-118.44102
-118.44443
-118.45156
-118.44705
-118.45056
-118.45515
-118.45414
-118.45777
-118.45664
-118.45298
-118.46027
-118.46396
-118.45818
-118.462
-118.45473
-118.46207
-118.46575
-118.46938
-118.45839
-118.47295
-118.4178
-118.40487
-118.40836
-118.41512
-118.40115
-118.41177
-118.41842
-118.41753
-118.42075
-116.16792
-116.17014
-120.90947
-120.91348
-120.91035
-116.16424
-120.91264
-120.90652
-120.91708
-120.91284
-120.90668
-120.90894
-120.91372
-120.91682
-116.16943
-120.90969
-120.90874
-116.21396
-116.20889
-116.21102
-117.38953
-117.39337
-117.39702
-115.21887
-116.27468
-117.38512
-115.22772
-117.38055
-115.22131
-117.39457
-115.22417
-115.22962
-115.22321
-115.22738
-115.22055
-117.40262
-115.04639
-115.23346
-117.46039
-117.46274
-117.46752
-115.23226
-115.23095
-115.22672
-115.23618
-117.39162
-115.05305
-117.39565
-117.38725
-117.39956
-115.05447
-117.40324
-117.45749
-115.00475
-115.53513
-116.57137
-116.57661
-115.52836
-116.10763
-115.53094
-118.41187
-118.41828
-118.44759
-118.43306
-118.43205
-118.42573
-118.43899
-118.43228
-118.45124
-118.4454
-118.42611
-118.43933
-118.45153
-118.43273
-118.44566
-118.44581
-118.42594
-118.43307
-118.43971
-118.45141
-118.45725
-118.45709
-118.45709
-118.46262
-118.46606
-118.46029
-118.45493
-118.46052
-118.46581
-118.47104
-118.41956
-118.41282
-118.40594
-118.41284
-118.41949
-118.41253
-118.41894
-118.40655
-118.41249
-116.15193
-116.15696
-116.16489
-116.14353
-120.73659
-116.15503
-116.14604
-116.16339
-120.9141
-120.9095
-116.2049
-120.88358
-118.50635
-120.8782
-120.88454
-120.72803
-120.73469
-120.73402
-120.73183
-120.91251
-120.9116
-116.14983
-116.18056
-116.18571
-116.14347
-116.14861
-116.15376
-116.17426
-116.17937
-116.18449
-116.14745
-116.15261
-116.16294
-116.14111
-116.15663
-116.1618
-116.16692
-116.19633
-116.19749
-116.19239
-116.20371
-116.19862
-116.19353
-116.18959
-116.2823
-115.229
-115.22627
-115.23118
-115.22492
-115.23484
-115.23577
-115.22991
-115.2336
-115.23859
-115.22359
-115.22869
-115.23234
-115.23712
-117.93447
-115.52944
-115.53934
-115.52457
-115.53243
-115.51973
-115.53085
-115.52124
-115.52594
-115.53604
-121.61428
-121.61321
-115.52328
-115.53451
-115.534
-118.43005
-118.42528
-118.41676
-118.4178
-118.41882
-115.73536
-115.73415
-115.66828
-120.73332
-120.73407
-120.73497
-120.7393
-120.73851
-120.72903
-120.73049
-118.41714
-118.397
-118.40321
-118.41567
-118.40155
-118.40508
-120.73842
-120.73927
-117.47881
-115.05106
-115.05251
-115.0541
-115.04762
-115.04622
-118.40442
-118.41148
-118.41159
-118.40479
-118.41164
-118.41838
-118.42507
-118.41225
-118.41909
-118.41334
-118.41749
-118.41772
-118.43172
-118.42588
-118.43261
-118.41932
-118.42017
-118.41474
-118.42212
-118.41529
-118.39801
-118.40582
-118.41209
-118.40667
-120.73542
-120.73109
-120.73379
-116.28378
-115.52415
-115.51816
-115.51888
-117.93252
-115.73344
-118.41344
-115.52534
-115.51743
-115.53302
-121.67195
-121.67285
-118.41128
-115.05631
-116.54887
-118.41148
-118.44505
-118.43936
-118.44044
-118.43491
-118.44453
-118.43888
-118.43446
-118.43033
-118.42503
-118.41714
-118.41125
-118.46629
-118.46019
-115.73369
-115.51675
-115.52481
-115.53285
-115.53268
-115.52436
-116.08414
-115.52882
-115.5358
-115.53425
-118.63783
-115.53539
-115.53474
-115.52958
-118.63676
-118.63576
-118.41189
-118.40451
-118.40556
-118.41028
-118.40757
-118.41138
-118.42719
-118.42823
-118.42921
-118.43395
-118.43022
-118.44916
-118.43122
-118.43596
-118.45015
-118.44073
-118.44648
-118.41982
-118.41607
-118.41708
-118.42182
-118.43597
-118.42756
-118.44747
-118.45528
-118.45836
-118.46311
-118.46413
-118.46889
-118.46986
-118.47179
-118.41336
-118.41438
-118.41576
-118.42151
-115.0554
-115.05835
-115.05764
-123.4976
-120.88081
-115.53377
-115.5235
-115.05576
-118.41305
-118.40864
-118.40943
-118.40498
-118.41218
-118.40778
-118.40854
-118.40398
-118.4502
-118.44544
-118.44081
-118.43631
-118.43742
-118.4328
-118.44917
-118.44446
-118.43987
-118.43539
-118.43645
-118.43182
-118.43226
-118.44168
-118.43687
-118.42763
-118.4202
-118.41524
-118.42051
-118.41569
-118.42092
-118.41622
-118.41128
-118.41688
-118.41702
-118.4494
-118.45451
-118.4445
-118.45347
-118.44837
-118.46898
-118.4638
-118.46433
-118.45914
-118.46329
-118.4581
-118.41245
-118.41239
-118.41239
-118.41152
-118.41156
-115.73515
-115.66987
-115.54044
-115.53532
-115.5313
-115.53584
-118.44413
-118.44627
-118.43741
-118.4314
-118.44237
-118.44151
-118.43307
-118.41443
-118.42503
-118.41689
-118.41959
-118.4116
-118.41399
-118.4521
-118.46684
-118.40964
-115.05355
-115.05564
-117.38194
-115.05728
-115.0545
-117.39812
-115.05208
-118.40409
-118.40995
-118.40537
-118.41115
-118.40668
-118.41238
-118.43499
-118.4363
-118.43041
-118.43176
-118.4376
-118.43311
-118.44482
-118.43437
-118.44607
-118.43552
-118.44135
-118.44846
-118.41219
-118.41797
-118.41362
-118.41502
-118.41171
-118.41308
-118.41902
-118.41448
-118.42041
-118.41585
-118.42181
-118.41458
-118.42047
-118.42627
-118.41596
-118.42186
-118.42765
-118.41735
-118.42326
-118.44977
-118.45116
-118.41798
-118.42365
-118.46461
-118.46589
-118.47208
-118.46074
-118.41365
-118.40797
-118.39771
-118.40364
-118.41493
-118.40931
-118.41074
-118.41071
-118.41649
-118.40764
-118.4042
-118.41037
-115.5201
-115.52537
-119.4846
-119.49152
-115.52958
-115.53193
-119.49152
-119.48613
-115.53466
-115.05947
-115.05301
-119.48842
-119.48753
-118.4133
-118.40625
-118.40684
-118.40852
-118.40112
-118.44968
-118.4363
-118.42888
-118.43858
-118.43097
-118.43092
-118.42184
-118.43014
-118.42286
-118.42274
-118.41495
-118.41538
-118.45183
-118.406
-118.40682
-118.40723
-118.41458
-118.40674
-118.40623
-118.39831
-118.40603
-118.41272
-118.39856
-118.40932
-118.40987
-118.40976
-118.40894
-118.40823
-118.40084
-118.4081
-118.40088
-115.52721
-115.51794
-115.53979
-115.53278
-115.52202
-115.51579
-115.53591
-115.54198
-115.51213
-120.73635
-120.73998
-120.73488
-115.73493
-115.6666
-115.05693
-115.06186
-115.05484
-115.0569
-115.05981
-115.05975
-117.466
-115.05187
-119.48521
-119.48382
-115.53304
-119.49151
-119.48588
-119.48734
-115.53878
-115.52084
-115.52567
-115.53036
-115.54182
-115.53558
-115.52791
-118.40783
-118.40204
-118.40952
-118.40376
-118.40575
-118.45025
-118.44292
-118.43536
-118.43686
-118.44595
-118.43859
-118.43122
-118.42578
-118.44023
-118.43295
-118.41887
-118.43459
-118.42757
-118.42068
-118.42979
-118.42242
-118.41525
-118.42419
-118.43163
-118.41695
-118.41144
-118.42601
-118.42846
-118.42112
-118.41398
-118.42288
-118.43029
-118.41564
-118.42467
-118.41734
-118.41178
-118.41342
-118.41515
-118.41704
-118.4541
-118.447
-118.4487
-118.46821
-118.46962
-118.46266
-118.45932
-118.40988
-118.40451
-118.40865
-118.41019
-118.408
-118.40978
-118.4028
-118.4117
-118.40247
-118.4099
-118.40425
-118.41189
-118.40606
-118.41377
-118.40517
-118.40138
-118.40323
-118.4474
-118.44928
-118.45548
-118.45129
-118.45744
-118.46649
-118.46786
-118.39922
-118.40508
-118.40121
-118.40691
-118.4089
-118.42346
-118.45343
-118.46844
-115.53812
-115.52881
-115.54011
-115.52123
-115.52317
-115.52913
-115.5385
-115.52078
-118.40739
-118.39974
-118.41531
-118.43976
-118.44923
-118.42457
-118.42855
-118.44982
-118.46333
-118.46983
-118.47133
-118.47356
-118.40102
-115.05567
-115.05502
-115.53567
-115.52753
-115.53506
-115.54647
-115.52813
-115.37582
-115.38677
-115.37889
-115.38162
-120.73766
-120.73862
-120.73952
-118.40231
-118.40736
-118.40345
-118.39845
-118.40849
-118.39958
-118.40959
-118.40458
-118.40575
-118.41074
-118.40074
-118.40697
-118.41559
-118.451
-118.44603
-118.441
-118.43596
-118.44709
-118.44206
-118.43701
-118.44818
-118.44316
-118.43814
-118.43313
-118.43928
-118.43428
-118.44427
-118.4354
-118.4304
-118.42542
-118.42049
-118.42168
-118.41678
-118.42749
-118.42249
-118.42509
-118.42625
-118.43127
-118.43245
-118.42741
-118.41238
-118.41462
-118.41577
-118.41695
-118.41192
-118.41812
-118.43918
-118.41901
-118.45258
-118.45373
-118.44989
-118.47564
-118.47671
-118.47175
-118.47273
-118.47771
-118.46884
-118.47379
-118.46392
-118.46129
-118.40742
-118.40853
-118.41078
-118.42316
-118.4131
-118.40812
-118.41429
-118.40778
-118.41399
-118.40897
-118.4039
-118.3989
-118.40003
-118.41521
-118.41014
-118.40508
-118.4062
-118.40118
-115.6699
-115.73335
-117.46841
-115.22926
-117.39512
-117.45876
-117.46715
-117.46237
-115.01711
-115.05851
-115.05471
-115.05602
-115.53217
-115.54291
-115.54333
-115.5377
-115.53571
-115.54142
-115.52841
-115.53387
-115.53951
-115.53777
-115.37321
-115.46304
-115.46476
-118.4266
-118.42934
-115.54893
-115.54176
-115.54246
-115.54176
-115.5393
-115.54135
-116.43401
-116.42966
-116.3035
-116.25344
-116.25282
-116.29623
-116.25619
-116.26371
-116.26094
-117.46452
-117.45949
-115.02004
-117.42102
-117.39532
-117.42332
-117.45911
-115.05884
-115.05502
-115.01356
-115.01148
-115.01665
-120.36898
-120.38454
-120.37376
-120.38572
-120.37506
-120.38095
-120.38676
-120.3922
-120.39761
-120.35811
-120.36415
-120.38213
-120.37029
-120.38763
-120.39867
-120.38313
-120.39976
-120.35907
-120.36524
-120.38853
-120.39412
-120.40537
-120.38401
-120.35976
-120.37841
-120.3895
-120.39509
-120.36665
-120.37902
-120.36913
-120.3813
-118.4372
-118.44545
-118.44664
-118.44776
-118.44754
-118.43824
-118.43
-118.44844
-118.45616
-118.44903
-118.45071
-118.45675
-118.46461
-118.47279
-118.47377
-118.47559
-118.48273
-118.45844
-118.46635
-118.46657
-118.4669
-118.47458
-118.47537
-118.4699
-118.47716
-116.48969
-116.48464
-116.55118
-116.54685
-116.55173
-116.41998
-118.5041
-118.50261
-115.0602
-117.42542
-117.42854
-115.01614
-115.01135
-115.0565
-117.45994
-117.45919
-115.05075
-115.05548
-115.05917
-115.5386
-115.54161
-115.53677
-115.54263
-115.53765
-115.54747
-115.53667
-115.37143
-115.5357
-115.54053
-115.38465
-115.54643
-115.53577
-115.54057
-118.41174
-118.40679
-118.40181
-118.40266
-118.40353
-118.40945
-118.4044
-118.41021
-118.40515
-118.42274
-118.44851
-118.44944
-118.44437
-118.43938
-118.44035
-118.44534
-118.44627
-118.44126
-118.43623
-118.45124
-118.43119
-118.43708
-118.44213
-118.41833
-118.4245
-118.41944
-118.44533
-118.44032
-118.43532
-118.43036
-118.42535
-118.42029
-118.44119
-118.44624
-118.43618
-118.43118
-118.42616
-118.43698
-118.41187
-118.41871
-118.41365
-118.41951
-118.41448
-118.42032
-118.42108
-118.42687
-118.42186
-118.4193
-118.42006
-118.4519
-118.45276
-118.45364
-118.4765
-118.47726
-118.4783
-118.4732
-118.47426
-118.46915
-118.47002
-118.46487
-118.4657
-118.46649
-118.46135
-118.45701
-118.45786
-118.41096
-118.41023
-118.41608
-118.41104
-118.41427
-118.40926
-118.40427
-118.41004
-118.4051
-118.40594
-118.40093
-120.36592
-120.41397
-120.40793
-120.39583
-120.38961
-120.37767
-120.37184
-120.41489
-120.39687
-120.39062
-120.38457
-120.37292
-120.42092
-120.40895
-120.42381
-120.42982
-120.42275
-120.4289
-120.38665
-120.39272
-120.37978
-120.36635
-120.36053
-120.37876
-120.36137
-120.35548
-120.38567
-120.37954
-120.37371
-120.36214
-120.38555
-120.39163
-120.40997
-120.42184
-120.41586
-120.37875
-120.35632
-120.36298
-120.35718
-120.39279
-120.3867
-120.3804
-120.36875
-120.38148
-120.36401
-120.40596
-120.39983
-120.39379
-120.38769
-120.37551
-120.36975
-120.35814
-120.38252
-120.37659
-120.36504
-120.41308
-120.40693
-120.40086
-120.39479
-120.38866
-120.37079
-120.35909
-120.40192
-120.38358
-120.42009
-115.66954
-115.7328
-120.73837
-120.38266
-120.74005
-120.3884
-120.3968
-120.3745
-120.38524
-116.27621
-115.54726
-115.53989
-115.53877
-115.54585
-115.53376
-118.43784
-118.44339
-118.43985
-118.45751
-118.46655
-118.47092
-118.48094
-118.47585
-116.27805
-116.33999
-116.34428
-116.33641
-115.20795
-116.4939
-115.20087
-115.20296
-115.19613
-115.19502
-115.20164
-116.34249
-116.33893
-115.76939
-120.92381
-120.92037
-120.92842
-120.91772
-115.74011
-115.76984
-115.76421
-115.75956
-115.77451
-120.91414
-118.40488
-118.43903
-118.43988
-118.44669
-118.44086
-118.44768
-118.44197
-118.44044
-118.43449
-118.44133
-118.44228
-118.44914
-118.44339
-118.45103
-118.41624
-118.43928
-118.43976
-118.42719
-118.43421
-118.44118
-118.45265
-118.4534
-118.42181
-118.46063
-118.46787
-118.46127
-118.46852
-118.46931
-118.47589
-118.46523
-118.47818
-118.45346
-118.4043
-118.41134
-118.40506
-118.41199
-118.41481
-120.37701
-120.38809
-120.39348
-120.3988
-120.40413
-120.38256
-120.37244
-120.37801
-120.38358
-120.38909
-120.38109
-120.39441
-120.38645
-120.39718
-120.39969
-120.40504
-120.42162
-120.3624
-115.53767
-115.5393
-120.36794
-120.40256
-115.54575
-115.54424
-120.37904
-120.38458
-120.39002
-115.538
-120.39531
-120.40062
-120.40601
-120.41156
-120.42262
-120.42802
-120.41711
-120.36331
-120.40803
-120.41351
-120.38007
-120.38555
-120.39092
-120.39623
-120.3597
-120.40159
-120.41254
-120.41807
-120.4235
-120.35876
-120.36435
-120.37556
-120.39793
-120.38158
-120.39252
-120.40237
-120.39702
-120.39162
-120.41234
-120.40696
-120.41156
-120.40151
-120.40621
-120.38707
-116.43713
-116.43634
-115.0564
-115.05602
-115.01598
-115.06153
-115.06136
-115.05654
-115.1905
-116.17332
-116.17407
-116.17992
-116.23895
-116.23965
-116.32931
-116.32352
-116.31766
-116.33437
-116.32865
-116.30516
-115.18305
-115.17643
-115.18957
-115.19618
-115.18372
-115.19689
-115.18409
-115.19719
-115.17749
-115.19069
-115.17811
-115.19159
-115.19785
-116.29931
-116.29858
-115.76077
-120.88055
-120.74657
-115.73518
-115.73758
-115.72944
-115.73787
-116.25542
-116.26117
-116.25613
-116.26188
-116.61604
-116.57875
-116.58435
-116.5899
-116.58498
-116.59058
-115.76652
-115.75159
-115.75935
-115.76704
-115.75282
-115.75003
-115.75332
-120.92041
-120.91965
-120.90781
-120.91305
-120.90703
-115.88728
-115.8911
-116.09859
-116.11126
-116.09772
-116.10452
-116.11046
-116.10435
-116.11028
-116.09711
-116.10375
-119.55282
-115.18453
-115.19203
-115.18565
-115.06169
-115.06247
-117.44321
-115.05595
-115.05683
-117.45546
-115.0144
-115.05386
-115.75188
-115.75536
-115.75309
-115.7604
-115.76153
-120.90935
-115.88811
-120.9169
-120.91679
-120.91097
-120.91096
-120.91853
-120.9184
-116.20432
-116.1955
-116.20321
-115.89671
-115.53532
-115.51566
-115.53606
-115.53758
-115.53871
-115.54467
-115.54002
-115.88319
-115.8892
-115.7499
-115.74374
-115.88211
-115.74265
-115.73671
-115.7359
-115.74226
-115.7625
-115.7707
-115.75071
-115.75937
-115.73784
-118.40458
-118.40607
-118.4531
-118.44809
-118.44902
-118.44422
-118.43947
-118.44991
-118.44038
-118.44517
-118.43556
-118.43626
-118.42471
-118.44443
-118.44935
-118.43958
-118.43485
-118.44048
-118.41888
-118.42409
-118.45041
-118.45103
-118.41716
-118.45163
-118.45734
-118.47681
-118.48269
-118.47746
-118.47881
-118.47381
-118.47484
-118.46522
-118.47031
-118.46572
-118.4708
-118.4704
-118.46584
-118.46632
-118.45667
-118.41047
-118.4114
-118.40667
-118.41203
-120.37976
-120.3784
-120.91463
-120.73978
-120.91913
-120.91151
-120.91621
-120.90987
-118.45163
-118.44884
-118.45557
-118.45306
-118.46561
-118.47079
-118.48307
-118.46332
-120.38864
-120.39644
-120.38532
-120.40408
-120.39547
-120.39792
-120.39643
-120.39095
-120.3933
-120.40627
-120.38647
-120.38017
-120.39965
-115.20702
-115.21642
-115.20139
-115.20377
-115.21525
-115.21085
-115.21158
-118.40665
-118.40559
-118.41042
-118.43463
-118.43945
-118.43556
-118.45103
-118.44135
-118.44716
-118.43696
-118.44182
-118.4485
-118.45385
-118.42094
-118.4548
-118.45092
-118.45573
-118.45962
-118.46055
-118.4672
-118.46812
-118.48246
-118.47859
-118.40544
-118.40731
-118.41216
-115.06257
-115.06197
-115.05607
-120.4161
-120.38708
-120.42955
-120.38242
-120.42474
-120.38524
-120.38046
-120.43252
-120.42773
-120.42291
-120.42574
-120.41888
-120.3988
-120.39393
-120.42192
-120.3911
-120.38143
-120.42391
-120.43055
-120.43535
-120.41428
-120.40947
-120.39982
-120.39777
-120.43153
-120.39495
-120.42094
-120.37946
-120.40482
-120.39006
-121.12746
-120.36422
-121.13395
-120.39697
-116.1965
-115.74191
-115.72884
-115.73598
-120.91322
-120.91052
-120.91209
-120.90331
-120.90827
-120.90555
-115.76322
-115.75636
-116.19757
-120.90715
-120.90938
-116.20251
-120.90443
-116.19536
-116.21473
-115.20779
-115.05647
-115.06277
-115.06561
-115.18483
-115.06258
-115.06142
-115.20379
-115.18215
-115.06051
-115.17595
-115.20875
-115.2097
-115.17506
-115.19876
-115.2026
-115.18001
-115.06654
-115.20152
-115.06162
-115.19755
-115.0603
-120.38121
-121.13141
-121.13327
-121.12724
-122.26074
-122.25397
-122.25898
-122.26659
-123.49553
-121.12869
-122.2541
-122.25993
-122.26527
-122.24982
-122.25625
-122.26155
-122.25666
-122.2545
-122.25034
-122.25965
-122.26484
-122.25796
-122.26306
-122.26807
-123.49798
-123.49185
-122.26399
-122.25648
-122.25554
-122.27085
-122.27058
-122.24186
-122.2432
-122.26311
-122.24816
-122.26292
-122.25594
-123.4909
-123.49069
-117.46449
-115.66901
-115.73422
-118.74285
-118.74265
-118.75166
-120.73598
-120.7412
-120.73769
-120.90886
-120.90862
-117.46483
-123.49586
-122.26494
-122.24623
-122.25298
-122.24495
-122.25879
-122.25156
-122.26421
-122.25751
-122.26838
-122.26078
-122.26976
-122.25074
-122.26757
-122.2629
-122.26212
-122.25672
-122.25535
-118.74418
-118.74217
-118.74418
-118.73578
-122.26175
-122.26275
-122.25812
-122.25349
-122.2601
-122.24981
-122.2545
-122.25912
-122.26373
-122.26838
-122.26736
-122.24883
-122.25248
-122.25712
-122.24785
-118.54155
-118.53014
-118.538
-118.51552
-118.51837
-118.51932
-118.53374
-118.54169
-118.51469
-115.73334
-115.66638
-116.88306
-116.88779
-116.86482
-116.86014
-116.86382
-116.8628
-116.85433
-116.81775
-116.81877
-116.85332
-116.84863
-116.82948
-116.81979
-116.82481
-116.82379
-115.65572
-115.66683
-116.87723
-116.8753
-116.89399
-116.83007
-116.82481
-116.816
-116.86227
-116.82349
-116.86995
-116.90386
-116.89721
-116.89067
-116.86839
-116.82359
-116.90057
-116.87627
-116.88265
-116.88905
-116.89558
-116.90223
-116.89233
-116.8875
-120.73717
-120.73489
-120.73682
-116.1608
-116.41647
-116.15656
-116.15793
-116.15233
-116.15931
-116.42085
-116.42226
-116.1537
-116.21639
-116.22348
-116.22485
-116.56018
-116.21204
-116.22211
-121.39397
-121.40105
-116.2719
-120.9112
-120.90924
-120.90402
-120.73125
-120.73284
-116.90363
-116.89043
-116.88526
-116.89317
-116.88139
-116.89173
-116.87421
-116.89239
-116.9031
-116.8843
-116.89355
-116.90015
-115.66518
-121.29125
-116.88646
-116.882
-116.87894
-116.88042
-120.3772
-116.87588
-116.89081
-116.89544
-116.8853
-116.88049
-116.88495
-116.88955
-116.87571
-116.90004
-116.87467
-116.89368
-116.8736
-116.89831
-116.81942
-116.88798
-116.88236
-116.89655
-116.90115
-116.90289
-116.87756
-120.73203
-120.73706
-120.73317
-121.9617
-120.73118
-116.8295
-116.8231
-116.81656
-116.82722
-116.85646
-116.82076
-116.85255
-116.86063
-116.86705
-116.86282
-116.86929
-116.87592
-116.85502
-116.82274
-116.83155
-116.82506
-116.8273
-116.83384
-116.81414
-116.81824
-116.8249
-116.85004
-116.84341
-116.81148
-116.81551
-116.83675
-116.85414
-116.84757
-116.81966
-116.81271
-116.87421
-116.8613
-116.8717
-116.86518
-116.85888
-116.87844
-116.88103
-116.85822
-116.8669
-116.87346
-116.88023
-116.86059
-116.85675
-116.86302
-116.86932
-116.876
-116.8828
-116.85888
-116.86533
-116.87175
-116.87856
-116.8854
-116.86755
-116.87414
-116.88103
-116.88791
-116.89034
-116.8975
-116.85583
-116.86871
-116.87519
-116.86223
-116.87103
-116.8253
-116.8188
-116.83436
-116.85435
-116.85189
-116.84526
-116.84939
-116.84282
-116.8362
-116.82958
-116.84039
-116.84708
-116.84093
-116.8676
-116.81689
-116.81428
-116.82092
-116.81656
-116.8232
-116.82969
-116.82551
-116.83205
-116.83861
-116.82777
-116.29288
-116.23866
-116.24434
-116.2396
-116.24525
-116.58404
-116.58019
-116.30058
-116.29504
-121.96135
-121.96188
-121.96244
-121.9617
-121.95562
-121.95624
-121.95679
-121.95747
-121.96478
-121.96299
-116.87872
-116.88452
-116.89
-116.8586
-116.87497
-116.87508
-116.88041
-116.88087
-116.88589
-116.87467
-116.88632
-116.86098
-116.86797
-116.86765
-116.87415
-116.82819
-116.8213
-116.8215
-116.82839
-116.81551
-116.82197
-116.81641
-116.83261
-116.81916
-116.82594
-116.82592
-116.81909
-116.81947
-116.82627
-116.82666
-116.81384
-116.8201
-116.81488
-116.88403
-116.87158
-116.86537
-116.8778
-116.89056
-116.87217
-116.86552
-116.88455
-116.87833
-116.90216
-116.89086
-116.88486
-116.86581
-116.8966
-116.8726
-116.90247
-116.89694
-116.87915
-116.86633
-116.85912
-116.87303
-116.86712
-116.87975
-116.86005
-116.8736
-116.85297
-116.84713
-116.84068
-116.83409
-116.82751
-116.85376
-116.84743
-116.82774
-116.82103
-116.85407
-116.841
-116.83448
-116.83474
-116.82816
-116.82137
-116.83193
-116.8253
-116.85169
-116.84512
-116.83865
-116.85168
-116.84522
-116.83887
-116.81898
-116.83237
-116.82566
-121.52906
-121.52816
-116.87849
-116.87215
-116.86546
-116.88441
-116.85851
-116.884
-116.87894
-116.87856
-116.87315
-120.15084
-120.1514
-120.14996
-120.73509
-120.73568
-116.11483
-116.1073
-116.12149
-116.11399
-116.11497
-121.29319
-116.86157
-116.86657
-116.84211
-116.84467
-116.85717
-116.87153
-116.86211
-116.83444
-116.87959
-116.89601
-116.88705
-116.85104
-116.8562
-116.86123
-116.86008
-116.8651
-116.90086
-116.90569
-116.86034
-116.87035
-116.85506
-116.8211
-116.87527
-116.85471
-116.8394
-116.86415
-116.85895
-116.86395
-116.84835
-116.81616
-116.83221
-116.81738
-116.84447
-116.81854
-116.82349
-116.8223
-116.82723
-116.83076
-116.83565
-116.81976
-116.84329
-116.85332
-116.82594
-116.82101
-116.85219
-116.84972
-116.81857
-116.84059
-116.81733
-116.82841
-116.8472
-116.82022
-116.846
-116.8485
-116.88045
-116.87926
-116.84348
-116.81977
-116.87785
-116.82523
-115.66596
-121.2944
-121.29523
-121.96514
-121.96009
-121.95503
-121.97611
-121.97106
-121.96599
-121.96094
-121.97191
-121.96685
-121.97864
-121.96854
-121.9795
-121.96764
-121.97863
-121.97531
-121.98202
-121.97696
-121.98036
-121.98118
-121.96244
-121.96162
-121.96078
-121.96584
-121.96501
-121.96426
-121.96342
-121.96848
-121.95587
-121.97779
-121.97272
-121.96512
-121.97103
-121.96598
-121.96092
-121.9761
-121.96683
-121.95672
-121.97189
-121.96177
-121.95249
-121.97274
-121.96766
-121.96259
-121.95757
-121.97359
-121.96344
-121.96851
-121.95838
-121.95334
-121.97442
-121.96935
-121.96429
-121.95923
-121.97527
-121.97021
-121.95821
-120.7364
-120.73164
-120.15013
-120.73254
-116.88715
-116.85703
-116.85958
-116.85711
-116.86261
-116.87937
-116.85316
-116.85473
-116.84982
-116.84605
-116.85104
-116.84092
-116.85186
-116.84238
-116.83226
-116.83741
-116.85395
-116.84863
-116.8438
-116.83917
-116.82902
-116.83418
-116.85127
-116.84094
-116.82542
-116.84574
-116.85716
-116.86285
-116.86586
-116.87153
-116.88086
-116.83619
-116.83085
-116.81998
-116.84283
-116.83776
-116.81577
-116.86584
-116.89133
-116.88017
-116.89754
-116.86758
-116.87835
-116.88955
-116.86823
-116.86253
-116.87277
-116.83224
-116.82671
-116.82127
-116.8399
-116.82803
-116.81719
-116.83406
-116.8224
-116.85268
-116.84761
-116.88392
-116.89534
-116.90142
-116.89325
-116.89928
-116.84387
-116.85378
-116.84891
-116.83864
-116.83518
-116.88338
-116.85583
-116.86074
-116.87146
-116.8773
-116.84974
-116.84022
-116.82998
-116.85163
-116.8465
-116.84178
-116.88986
-116.83703
-116.82668
-116.83189
-116.85462
-116.86593
-116.8755
-116.85941
-116.86421
-116.86937
-116.88183
-116.85803
-116.8628
-116.86762
-116.87952
-116.86124
-116.8661
-116.87104
-116.87649
-116.86719
-116.8174
-116.84869
-116.88338
-116.86923
-116.87434
-116.86219
-116.89033
-116.85743
-116.84357
-116.87284
-116.86368
-116.87488
-116.86911
-116.83382
-116.82294
-116.8354
-116.85863
-116.84058
-116.82967
-116.8242
-116.81875
-116.83733
-116.82535
-116.8313
-116.81995
-121.70648
-121.70769
-116.14264
-116.14561
-116.84144
-116.84889
-116.89544
-116.87424
-116.90691
-116.83435
-116.87863
-116.87173
-116.8568
-116.884
-116.84158
-116.84882
-116.82014
-116.8417
-116.84185
-116.83321
-116.867
-116.86735
-116.87383
-116.86076
-116.86675
-116.89486
-116.88825
-116.88735
-116.89349
-116.83285
-116.88533
-116.83945
-116.81981
-116.82667
-116.84
-116.82652
-116.83399
-116.84768
-116.89518
-116.9016
-116.8886
-116.81973
-116.8403
-116.86472
-116.86429
-116.85629
-116.82645
-116.87403
-116.87688
-116.83327
-116.84068
-116.84834
-116.88324
-116.87317
-116.87996
-116.88672
-116.89336
-116.89982
-116.87445
-116.86407
-116.81968
-116.84113
-116.8197
-116.82658
-116.83363
-116.84882
-116.8491
-116.84888
-116.88149
-116.86761
-116.84224
-116.85972
-116.88123
-116.86356
-116.86565
-116.84921
-116.86029
-116.8747
-116.87047
-116.88943
-116.90733
-116.90101
-116.90012
-116.89368
-116.88705
-116.86823
-116.88025
-116.85912
-116.87974
-116.86575
-116.88203
-116.86857
-116.87294
-116.88653
-116.89316
-116.89959
-116.88314
-116.90588
-116.8663
-116.8835
-116.8775
-116.8596
-116.87113
-116.86391
-116.85627
-116.89553
-116.85649
-116.87276
-116.87804
-116.86596
-116.88951
-116.88933
-116.89458
-116.8708
-116.86717
-116.88799
-116.90616
-116.86377
-116.85594
-116.88271
-116.88905
-116.89522
-116.85637
-116.86327
-116.88319
-116.89532
-116.87011
-116.87673
-116.88941
-116.88179
-116.87502
-116.86794
-116.87232
-116.88587
-116.89197
-116.89257
-120.42714
-118.45541
-118.47717
-118.47282
-118.47918
-121.94434
-121.9509
-121.94492
-121.95686
-121.94557
-121.95155
-121.95755
-121.96353
-121.96947
-121.95223
-121.95822
-121.9642
-121.97015
-121.97081
-121.95889
-121.96486
-121.97675
-121.95956
-121.98342
-121.96552
-121.97148
-121.97744
-121.97816
-121.98415
-121.97218
-121.96046
-121.70957
-121.70349
-121.7089
-121.97471
-121.97984
-121.9739
-121.96796
-121.96201
-121.97905
-121.97312
-121.96718
-121.96121
-121.95524
-121.97236
-121.96643
-121.97829
-121.97753
-121.9716
-121.96568
-121.95972
-121.95373
-121.97084
-121.98197
-121.97006
-121.95815
-121.98641
-121.98043
-121.98562
-121.97964
-121.9818
-121.98254
-121.9833
-121.70284
-121.96844
-121.97808
-121.98405
-121.97884
-121.96249
-121.98483
-121.98106
-121.98032
-121.97438
-121.97366
-121.9677
-121.96918
-121.97511
-121.97584
-121.96992
-121.9856
-121.96175
-121.97961
-121.97292
-121.98487
-121.96028
-121.96622
-121.96697
-121.96102
-121.97889
-115.66736
-116.14053
-118.45504
-118.47463
-121.29227
-115.74464
-116.85143
-116.85059
-116.84502
-116.85463
-116.8491
-116.85391
-116.8532
-116.82392
-116.84426
-116.85245
-116.82965
-116.83456
-116.82883
-116.83376
-116.83866
-116.84343
-116.84827
-116.81831
-116.82317
-116.86131
-116.86055
-116.8997
-116.90467
-116.86461
-116.87431
-116.86324
-116.86247
-116.88232
-116.83301
-116.8881
-116.86852
-116.86373
-116.86932
-116.86452
-116.86127
-116.85651
-116.87663
-116.86202
-116.87749
-116.85799
-116.88335
-116.87836
-116.87332
-116.85873
-116.87704
-116.88912
-116.90168
-116.87623
-116.87463
-116.88411
-116.87913
-116.83788
-116.84264
-116.8474
-116.82735
-116.83224
-116.83709
-116.84185
-116.84659
-116.82658
-116.83145
-116.87414
-116.86434
-116.8595
-116.84106
-116.88988
-116.87988
-116.87493
-116.86515
-116.86029
-116.84579
-116.83944
-116.84605
-116.84035
-116.85542
-116.89064
-116.84522
-116.89146
-121.98197
-121.99327
-121.9882
-121.98313
-121.99901
-121.99393
-121.98887
-121.98382
-121.99461
-121.98956
-121.98449
-121.97942
-121.99531
-121.99025
-121.98517
-121.98007
-121.97495
-121.9698
-121.996
-121.99094
-121.98584
-121.98073
-121.97559
-121.97046
-121.96532
-121.99667
-121.99156
-121.98644
-121.98135
-121.97623
-121.97112
-121.96599
-121.99733
-121.99218
-121.98705
-121.98195
-121.97687
-121.97176
-121.96664
-121.99278
-121.98764
-121.98256
-121.99337
-121.98826
-121.99397
-121.98888
-121.99256
-121.99767
-121.99185
-121.99223
-121.98242
-121.98748
-121.98169
-121.98672
-121.96495
-121.97008
-121.95911
-121.96934
-121.97445
-121.97374
-121.97889
-121.98401
-121.95259
-121.95766
-121.96274
-121.96788
-121.97304
-121.97818
-121.98845
-121.98331
-121.96356
-121.9687
-121.99904
-121.97382
-121.97309
-121.97824
-121.9834
-121.95699
-121.96207
-121.96722
-121.97237
-121.97753
-121.98783
-121.98268
-121.95632
-121.9614
-121.96654
-121.97167
-121.97684
-121.98711
-121.95561
-121.9607
-121.9658
-121.97094
-121.98121
-121.97607
-121.99455
-121.9895
-121.99956
-121.99517
-121.9901
-121.99564
-121.99054
-121.97751
-121.97241
-121.9673
-121.96217
-121.98318
-121.97811
-121.97298
-121.96785
-121.96272
-121.95762
-121.9838
-121.9787
-121.97353
-121.96837
-121.96325
-121.98439
-121.97926
-121.97407
-121.9689
-121.96377
-121.95359
-121.98498
-121.9798
-121.97461
-121.96944
-121.95921
-121.95406
-121.97514
-121.97001
-121.95969
-121.95444
-121.96014
-121.70525
-121.98755
-121.99122
-121.97654
-121.99503
-121.99573
-121.98364
-121.97554
-121.98804
-115.72962
-119.63689
-119.64091
-119.64158
-119.62725
-119.63288
-119.64505
-119.60909
-119.6141
-119.62232
-119.64571
-119.64829
-119.64915
-119.64427
-119.61911
-119.60497
-119.61498
-119.61086
-119.61584
-119.60089
-119.6353
-119.60586
-119.62082
-119.63129
-119.63042
-115.74525
-115.73908
-115.75074
-119.59885
-119.60383
-119.6188
-119.62855
-119.63303
-119.60881
-119.6047
-119.59974
-119.61964
-119.62452
-119.62925
-119.6097
-119.62527
-119.62046
-119.60063
-119.6056
-119.59653
-119.60149
-119.59155
-119.60646
-119.62125
-119.59241
-119.59325
-119.60238
-119.58742
-115.74765
-118.45433
-118.45518
-118.47627
-118.47702
-118.48632
-121.95432
-121.99538
-121.9767
-121.98045
-121.98418
-121.95524
-121.95897
-121.96272
-116.19122
-116.18454
-121.96246
-121.96526
-121.96992
-118.57935
-115.72539
-115.72797
-115.74257
-115.74407
-115.74728
-115.74037
-115.74507
-116.86212
-116.87635
-116.8591
-116.85836
-116.89168
-116.86179
-116.86665
-116.87691
-116.85485
-116.85945
-115.05656
-115.07727
-121.17362
-121.17068
-116.23455
-116.24387
-116.23874
-116.24478
-116.23363
-115.46234
-120.69892
-116.23464
-116.46062
-116.22424
-116.24076
-116.23984
-115.05711
-120.69795
-120.69923
-116.91142
-116.14072
-115.46212
-116.30897
-116.18276
-121.6141
-119.02692
-120.90062
-120.89565
-120.89454
-119.22448
-119.21923
-119.21712
-119.2224
-119.21396
-119.2108
-120.89509
-120.89155
-120.90112
-120.89725
-120.89499
-115.53299
-115.55631
-120.89077
-120.89697
-119.16145
-119.15973
-121.701
-121.70026
-116.05846
-116.06698
-116.06596
-116.06501
-116.06792
-116.19456
-116.05943
-115.98708
-115.99287
-116.07147
-116.06329
-116.06982
-116.1876
-116.18781
-116.06738
-116.25828
-116.26286
-116.256
-116.2652
-116.22054
-115.38565
-115.3759
-115.38411
-115.9269
-115.37103
-119.15529
-119.16274
-119.15543
-119.16291
-118.93161
-118.93301
-120.99896
-121.0051
-120.99971
-121.00581
-120.99981
-121.00597
-121.00057
-121.70216
-121.69512
-121.70081
-116.38439
-116.39027
-116.38424
-116.37193
-116.36955
-115.38524
-115.38126
-115.98868
-115.98372
-115.98975
-121.69984
-121.69582
-116.90971
-120.99101
-121.00742
-121.00195
-120.99649
-120.98556
-121.00284
-121.00828
-120.99739
-120.99193
-121.00389
-120.99841
-120.99295
-120.98751
-121.00477
-120.99933
-120.99387
-121.00021
-120.99478
-115.6673
-115.66363
-115.65359
-115.67357
-115.73443
-115.65174
-115.67056
-115.66363
-115.65668
-115.66201
-115.87304
-115.87805
-116.42091
-116.41548
-116.48231
-116.47968
-116.48504
-115.88315
-115.88128
-115.88641
-115.95528
-115.95815
-116.09078
-116.09837
-116.17623
-116.17995
-116.17454
-116.58575
-115.45805
-116.5839
-115.45847
-115.45892
-116.13324
-116.11275
-116.13708
-115.95597
-115.9588
-116.12019
-116.11644
-116.11665
-116.12035
-116.5862
-116.59156
-115.4636
-115.46481
-115.46391
-115.46518
-116.58926
-116.58804
-116.58273
-120.26683
-118.06613
-119.16175
-119.16276
-119.16241
-120.96795
-120.97365
-120.97449
-120.98013
-120.9688
-120.97533
-120.981
-120.98663
-120.99226
-120.98749
-120.99311
-121.0052
-121.69785
-121.70244
-121.69704
-121.70702
-121.70165
-121.69625
-121.70083
-116.10102
-116.17832
-116.17152
-116.17784
-116.452
-116.45124
-115.95889
-115.95061
-115.95805
-115.95709
-117.03426
-117.04674
-116.61211
-116.61874
-116.61306
-116.61947
-116.13495
-116.10963
-116.13538
-116.12715
-116.10089
-116.0923
-116.10044
-116.09202
-120.2551
-120.25612
-120.23849
-115.99135
-115.99049
-115.989
-120.21571
-120.18536
-115.66266
-115.65771
-115.65278
-115.66527
-115.65439
-115.66051
-115.64897
-115.65569
-115.65018
-115.66719
-115.673
-115.65659
-115.66187
-115.67929
-115.66386
-115.66925
-115.67495
-115.65278
-115.65829
-115.66002
-115.66566
-115.67873
-115.66871
-115.71754
-116.27815
-116.27038
-116.28483
-116.27114
-115.8807
-115.87411
-115.8814
-115.88201
-115.87276
-116.27889
-116.28396
-116.27812
-116.27112
-115.88009
-120.27146
-117.57432
-119.06281
-115.99052
-115.98512
-115.99141
-120.23167
-117.01895
-117.01976
-120.68739
-120.2263
-120.95956
-120.97735
-120.97175
-120.9604
-120.9841
-120.97833
-120.97263
-120.96693
-120.96777
-120.99088
-120.98507
-120.97926
-120.9735
-120.96029
-120.97806
-120.97246
-120.9668
-120.99062
-120.98482
-120.97904
-120.97334
-120.96765
-120.99157
-120.98578
-120.97996
-120.97419
-120.96848
-120.96278
-120.97508
-120.96936
-115.69133
-115.66159
-115.6675
-115.67903
-121.70205
-115.66301
-121.69533
-115.68475
-115.69051
-115.66012
-115.666
-115.67767
-115.69151
-115.65744
-115.66416
-115.65862
-115.65627
-115.66171
-115.6551
-115.65966
-115.66524
-115.66064
-115.65961
-115.65388
-115.65279
-115.68118
-115.65173
-115.65079
-115.66895
-115.68033
-115.68585
-121.69595
-115.68353
-115.68938
-115.67049
-115.6763
-115.68219
-115.66913
-115.69807
-115.6925
-115.67982
-115.68581
-115.70021
-115.71641
-115.70562
-115.71174
-115.70645
-115.71751
-115.72328
-115.72394
-119.14478
-119.16321
-119.1584
-119.15356
-119.14873
-119.1575
-119.16232
-119.15268
-119.1518
-116.9155
-119.15448
-119.15664
-119.14964
-121.94072
-115.59739
-115.59153
-115.59654
-121.94136
-121.94614
-121.94238
-121.93968
-121.94549
-121.94445
-121.94343
-121.94715
-121.16992
-120.96947
-120.97042
-120.95724
-120.96197
-120.96668
-120.97138
-120.9761
-120.98082
-120.98554
-120.96292
-120.95822
-120.96764
-120.97237
-120.97706
-120.98179
-120.9865
-120.99123
-120.95918
-120.96389
-120.96861
-120.97332
-121.00636
-120.95071
-120.95544
-120.96015
-120.95168
-120.95639
-120.20799
-120.7188
-120.72356
-120.67393
-121.69825
-121.71249
-121.71624
-121.70673
-121.63416
-121.63314
-121.63417
-121.63212
-121.71725
-121.63036
-121.63519
-121.70776
-115.22824
-115.22672
-115.22752
-115.22745
-120.4718
-120.43025
-121.57262
-118.57581
-118.57519
-120.95391
-120.94872
-120.94933
-120.96948
-120.9647
-120.95981
-120.94987
-120.97028
-120.96541
-120.9605
-120.94974
-120.95535
-120.95032
-120.94522
-120.96563
-120.95086
-120.97111
-120.96629
-120.96138
-120.9671
-120.96213
-115.69797
-115.71163
-115.86304
-115.86951
-115.87613
-115.86832
-115.71171
-115.71648
-115.71171
-115.71652
-115.71179
-115.66138
-115.65987
-115.65848
-115.65688
-115.71649
-121.94532
-115.71182
-115.70239
-115.70234
-115.69749
-115.70264
-115.71272
-115.70271
-121.94599
-121.63791
-121.94566
-121.95103
-121.63657
-121.63435
-120.94765
-120.94978
-120.96045
-120.97124
-120.96701
-120.96284
-120.96519
-121.93991
-121.94753
-121.95
-121.94238
-121.94485
-121.17056
-121.92569
-121.15723
-118.14188
-118.13914
-118.13348
-118.143
-121.1597
-121.15842
-120.50679
-120.5081
-120.50544
-120.50541
-120.50408
-118.57588
-118.58154
-120.50675
-120.95943
-120.95481
-120.95758
-120.95156
-120.953
-118.50072
-115.70119
-115.70984
-115.69335
-115.69814
-115.71281
-115.70794
-121.95679
-115.70089
-115.69607
-115.69992
-115.69408
-115.68926
-116.08069
-115.68138
-115.87074
-116.34135
-115.69306
-115.68827
-115.69208
-115.68729
-115.65274
-115.66517
-115.6594
-115.6632
-115.65838
-116.33655
-115.66221
-115.69924
-115.7041
-115.70022
-115.6963
-115.71378
-118.58577
-121.57831
-121.57706
-121.16145
-121.95274
-115.54411
-115.32899
-115.32285
-115.57639
-115.58013
-115.53708
-115.54486
-115.54047
-117.46173
-117.70081
-115.88137
-115.8667
-115.54083
-115.58929
-115.58775
-115.58262
-115.57735
-115.54189
-115.53525
-115.54194
-115.57199
-115.54641
-115.32529
-115.32571
